0.698132 0.642788
1.39626 0.984808
2.0944 0.866025
2.79253 0.34202
3.49066 -0.34202
4.18879 -0.866025
4.88692 -0.984808
5.58505 -0.642788
6.28319 -2.44921e-16


0 0 0
0.0315737955134653 0.0315685497648105 0.0290707964179842
0.0631475910269305 0.0631056313126736 0.0581415928359684
0.0947213865403958 0.0945798077948449 0.0872123892539526
0.126295182053861 0.125959705067718 0.116283185671937
0.157868977567326 0.157214042967251 0.145353982089921
0.189442773080792 0.188311666489718 0.174424778507905
0.221016568594257 0.219221576847691 0.203495574925889
0.252590364107722 0.249912962370308 0.232566371343874
0.284164159621187 0.280355229217014 0.261637167761858
0.315737955134653 0.310518031874169 0.290707964179842
0.347311750648118 0.340371303404113 0.319778760597826
0.378885546161583 0.369885285416547 0.34884955701581
0.410459341675048 0.399030557732341 0.377920353433794
0.442033137188514 0.42777806771021 0.406991149851779
0.473606932701979 0.456099159207016 0.436061946269763
0.505180728215444 0.483965601142839 0.465132742687747
0.536754523728909 0.511349615642327 0.494203539105731
0.568328319242375 0.538223905724289 0.523274335523715
0.59990211475584 0.564561682511918 0.5523451319417
0.631475910269305 0.590336691936528 0.581415928359684
0.66304970578277 0.615523240908179 0.610486724777668
0.694623501296236 0.640096222927107 0.639557521195652
0.726197296809701 0.664031143110431 0.656537163187069
0.757771092323166 0.687304142609184 0.672005410875164
0.789344887836631 0.709892022391333 0.68747365856326
0.820918683350097 0.731772266367077 0.702941906251355
0.852492478863562 0.752923063833377 0.718410153939451
0.884066274377027 0.773323331215339 0.733878401627547
0.915640069890493 0.792952733082779 0.749346649315642
0.947213865403958 0.811791702421021 0.764814897003738
0.978787660917423 0.829821460135726 0.780283144691833
1.01036145643089 0.847024033772299 0.795751392379929
1.04193525194435 0.863382275431223 0.811219640068024
1.07350904745782 0.87887987886146 0.82668788775612
1.10508284297128 0.893501395714874 0.842156135444216
1.13665663848475 0.907232250945481 0.857624383132311
1.16823043399821 0.920058757338175 0.873092630820407
1.19980422951168 0.931968129152435 0.888560878508502
1.23137802502515 0.942948494867437 0.904029126196598
1.26295182053861 0.952988909015839 0.919497373884693
1.29452561605208 0.962079363094463 0.934965621572789
1.32609941156554 0.970210795540986 0.950433869260885
1.35767320707901 0.977375100766707 0.96590211694898
1.38924700259247 0.98356513723637 0.981370364637076
1.42082079810594 0.988774734587003 0.980629479421281
1.4523945936194 0.99299869977867 0.975257413375804
1.48396838913287 0.996232822271007 0.969885347330327
1.51554218464633 0.998473878220379 0.96451328128485
1.5471159801598 0.999719633693478 0.959141215239373
1.57868977567326 0.999968846894156 0.953769149193896
1.61026357118673 0.999221269401276 0.948397083148419
1.64183736670019 0.997477646416339 0.943025017102942
1.67341116221366 0.994739716020657 0.937652951057465
1.70498495772712 0.991010207442792 0.932280885011988
1.73655875324059 0.986292838338003 0.926908818966511
1.76813254875405 0.980592311082404 0.921536752921034
1.79970634426752 0.973914308085538 0.916164686875557
1.83128013978099 0.966265486126022 0.91079262083008
1.86285393529445 0.95765346971593 0.905420554784603
1.89442773080792 0.94808684350051 0.900048488739126
1.92600152632138 0.937575143700825 0.894676422693649
1.95757532183485 0.926128848607841 0.889304356648172
1.98914911734831 0.913759368137437 0.883932290602695
2.02072291286178 0.900479032456752 0.878560224557218
2.05229670837524 0.886301079693209 0.873188158511741
2.08387050388871 0.87123964273846 0.867816092466264
2.11544429940217 0.855309735160412 0.850226250202767
2.14701809491564 0.838527236237377 0.82652751983026
2.1785918904291 0.820908875129263 0.802828789457753
2.21016568594257 0.802472214201578 0.779130059085246
2.24173948145603 0.783235631518891 0.755431328712739
2.2733132769695 0.763218302525168 0.731732598340231
2.30488707248296 0.742440180929283 0.708033867967724
2.33646086799643 0.720921978814716 0.684335137595217
2.36803466350989 0.698685145993307 0.66063640722271
2.39960845902336 0.675751848623609 0.636937676850203
2.43118225453682 0.652144947115187 0.613238946477696
2.46275605005029 0.627887973340858 0.589540216105188
2.49432984556376 0.603005107179615 0.565841485732681
2.52590364107722 0.577521152413589 0.542142755360174
2.55747743659069 0.551461512003108 0.518444024987667
2.58905123210415 0.524852162764468 0.49474529461516
2.62062502761762 0.497719629475683 0.471046564242652
2.65219882313108 0.470090958436003 0.447347833870145
2.68377261864455 0.441993690505579 0.423649103497638
2.71534641415801 0.413455833652134 0.399950373125131
2.74692020967148 0.384505835032011 0.376251642752624
2.77849400518494 0.355172552633429 0.352552912380117
2.81006780069841 0.325485226510212 0.324833201450007
2.84164159621187 0.29547344963467 0.293896706073816
2.87321539172534 0.265167138398679 0.262960210697625
2.9047891872388 0.234596502792369 0.232023715321434
2.93636298275227 0.203792016290152 0.201087219945243
2.96793677826573 0.172784385474099 0.170150724569051
2.9995105737792 0.141604519424952 0.13921422919286
3.03108436929266 0.110283498911275 0.108277733816669
3.06265816480613 0.0788525454074766 0.077341238440478
3.0942319603196 0.0473429899715582 0.0464047430642869
3.12580575583306 0.0157862420136368 0.0154682476880955
3.15737955134653 -0.015786242013637 -0.0154682476880956
3.18895334685999 -0.047342989971558 -0.0464047430642867
3.22052714237346 -0.0788525454074764 -0.0773412384404777
3.25210093788692 -0.110283498911275 -0.108277733816669
3.28367473340039 -0.141604519424952 -0.13921422919286
3.31524852891385 -0.1727843854741 -0.170150724569051
3.34682232442732 -0.203792016290152 -0.201087219945242
3.37839611994078 -0.234596502792369 -0.232023715321434
3.40996991545425 -0.265167138398679 -0.262960210697625
3.44154371096771 -0.29547344963467 -0.293896706073816
3.47311750648118 -0.325485226510212 -0.324833201450007
3.50469130199464 -0.355172552633428 -0.352552912380116
3.53626509750811 -0.384505835032011 -0.376251642752624
3.56783889302157 -0.413455833652134 -0.399950373125131
3.59941268853504 -0.441993690505579 -0.423649103497638
3.6309864840485 -0.470090958436003 -0.447347833870145
3.66256027956197 -0.497719629475683 -0.471046564242652
3.69413407507544 -0.524852162764468 -0.494745294615159
3.7257078705889 -0.551461512003107 -0.518444024987667
3.75728166610237 -0.577521152413588 -0.542142755360174
3.78885546161583 -0.603005107179614 -0.565841485732681
3.8204292571293 -0.627887973340858 -0.589540216105188
3.85200305264276 -0.652144947115187 -0.613238946477695
3.88357684815623 -0.675751848623609 -0.636937676850203
3.91515064366969 -0.698685145993306 -0.66063640722271
3.94672443918316 -0.720921978814716 -0.684335137595217
3.97829823469662 -0.742440180929283 -0.708033867967724
4.00987203021009 -0.763218302525168 -0.731732598340231
4.04144582572355 -0.78323563151889 -0.755431328712739
4.07301962123702 -0.802472214201578 -0.779130059085246
4.10459341675048 -0.820908875129262 -0.802828789457753
4.13616721226395 -0.838527236237377 -0.82652751983026
4.16774100777741 -0.855309735160412 -0.850226250202767
4.19931480329088 -0.87123964273846 -0.867816092466264
4.23088859880434 -0.886301079693209 -0.873188158511741
4.26246239431781 -0.900479032456752 -0.878560224557218
4.29403618983128 -0.913759368137437 -0.883932290602695
4.32560998534474 -0.926128848607841 -0.889304356648172
4.35718378085821 -0.937575143700825 -0.894676422693649
4.38875757637167 -0.94808684350051 -0.900048488739126
4.42033137188514 -0.957653469715929 -0.905420554784603
4.4519051673986 -0.966265486126022 -0.91079262083008
4.48347896291207 -0.973914308085538 -0.916164686875557
4.51505275842553 -0.980592311082404 -0.921536752921034
4.546626553939 -0.986292838338003 -0.926908818966511
4.57820034945246 -0.991010207442792 -0.932280885011988
4.60977414496593 -0.994739716020657 -0.937652951057465
4.64134794047939 -0.997477646416339 -0.943025017102942
4.67292173599286 -0.999221269401276 -0.94839708314842
4.70449553150632 -0.999968846894156 -0.953769149193896
4.73606932701979 -0.999719633693478 -0.959141215239373
4.76764312253325 -0.998473878220379 -0.964513281284851
4.79921691804672 -0.996232822271007 -0.969885347330327
4.83079071356018 -0.99299869977867 -0.975257413375805
4.86236450907365 -0.988774734587003 -0.980629479421282
4.89393830458711 -0.98356513723637 -0.981370364637076
4.92551210010058 -0.977375100766707 -0.96590211694898
4.95708589561405 -0.970210795540986 -0.950433869260885
4.98865969112751 -0.962079363094463 -0.934965621572789
5.02023348664098 -0.952988909015839 -0.919497373884694
5.05180728215444 -0.942948494867437 -0.904029126196598
5.08338107766791 -0.931968129152435 -0.888560878508502
5.11495487318137 -0.920058757338175 -0.873092630820407
5.14652866869484 -0.907232250945481 -0.857624383132311
5.1781024642083 -0.893501395714874 -0.842156135444216
5.20967625972177 -0.87887987886146 -0.82668788775612
5.24125005523523 -0.863382275431223 -0.811219640068024
5.2728238507487 -0.847024033772299 -0.795751392379929
5.30439764626216 -0.829821460135726 -0.780283144691833
5.33597144177563 -0.811791702421021 -0.764814897003738
5.36754523728909 -0.792952733082779 -0.749346649315642
5.39911903280256 -0.773323331215339 -0.733878401627546
5.43069282831602 -0.752923063833377 -0.718410153939451
5.46226662382949 -0.731772266367077 -0.702941906251355
5.49384041934295 -0.709892022391333 -0.68747365856326
5.52541421485642 -0.687304142609184 -0.672005410875164
5.55698801036988 -0.664031143110432 -0.656537163187069
5.58856180588335 -0.640096222927107 -0.639557521195652
5.62013560139682 -0.615523240908179 -0.610486724777668
5.65170939691028 -0.590336691936529 -0.581415928359684
5.68328319242375 -0.564561682511918 -0.5523451319417
5.71485698793721 -0.538223905724289 -0.523274335523716
5.74643078345068 -0.511349615642327 -0.494203539105731
5.77800457896414 -0.483965601142839 -0.465132742687747
5.80957837447761 -0.456099159207016 -0.436061946269763
5.84115216999107 -0.42777806771021 -0.406991149851779
5.87272596550454 -0.399030557732341 -0.377920353433795
5.904299761018 -0.369885285416547 -0.34884955701581
5.93587355653147 -0.340371303404113 -0.319778760597826
5.96744735204493 -0.310518031874169 -0.290707964179842
5.9990211475584 -0.280355229217014 -0.261637167761858
6.03059494307186 -0.249912962370309 -0.232566371343874
6.06216873858533 -0.219221576847691 -0.203495574925889
6.0937425340988 -0.188311666489718 -0.174424778507905
6.12531632961226 -0.157214042967251 -0.145353982089921
6.15689012512573 -0.125959705067717 -0.116283185671937
6.18846392063919 -0.0945798077948454 -0.0872123892539529
6.22003771615266 -0.0631056313126737 -0.0581415928359684
6.25161151166612 -0.0315685497648102 -0.0290707964179839
6.28318530717959 -2.44921270764475E-16 -2.22044604925031E-16


0 0 0
0.0315737955134653 0.000498410873826183 0.000458937690757506
0.0631475910269305 0.00199314666850658 0.00183575076303002
0.0947213865403958 0.00448271739889405 0.00413043921681755
0.126295182053861 0.00796464140674225 0.00734300305212009
0.157868977567326 0.0124354478344763 0.0114734422689376
0.189442773080792 0.0178906800850196 0.0165217568672702
0.221016568594257 0.0243249002642264 0.0224879468471178
0.252590364107722 0.0317316946014928 0.0293720122084804
0.284164159621187 0.040103679843143 0.037173952951358
0.315737955134653 0.0494325106122171 0.0458937690757505
0.347311750648118 0.0597088877273244 0.0555314605816582
0.378885546161583 0.0709225674722694 0.0660870274690808
0.410459341675048 0.0830623718072112 0.0775604697380184
0.442033137188514 0.0961161995111764 0.0899517873884711
0.473606932701979 0.11007103824482 0.103260980420439
0.505180728215444 0.124912977521406 0.117488048833921
0.536754523728909 0.140627222573088 0.132632992628919
0.568328319242375 0.157198109098649 0.148695811805432
0.59990211475584 0.174609118878024 0.165676506363459
0.631475910269305 0.192842896238015 0.183575076303002
0.66304970578277 0.211881265352808 0.20239152162406
0.694623501296236 0.231705248362029 0.222125842326633
0.726197296809701 0.252295084288291 0.242608365682993
0.757771092323166 0.273630248735361 0.26358193146518
0.789344887836631 0.295689474347328 0.285043888536823
0.820918683350097 0.318450772008366 0.306994236897921
0.852492478863562 0.341891452761962 0.329432976548474
0.884066274377027 0.365988150427761 0.352360107488483
0.915640069890493 0.390716844893483 0.375775629717948
0.947213865403958 0.416052886058694 0.399679543236868
0.978787660917423 0.44197101840656 0.424071848045244
1.01036145643089 0.468445406179099 0.448952544143075
1.04193525194435 0.495449659130823 0.474321631530362
1.07350904745782 0.52295685883511 0.500179110207105
1.10508284297128 0.55093958551708 0.526524980173303
1.13665663848475 0.579369945386216 0.553359241428956
1.16823043399821 0.608219598441507 0.580681893974065
1.19980422951168 0.637459786721375 0.60849293780863
1.23137802502515 0.667061362970239 0.63679237293265
1.26295182053861 0.696994819693127 0.665580199346126
1.29452561605208 0.727230318569397 0.694856417049057
1.32609941156554 0.757737720196217 0.724621026041445
1.35767320707901 0.788486614132181 0.754874026323287
1.38924700259247 0.819446349211098 0.785615417894585
1.42082079810594 0.850586064095739 0.816646173703433
1.4523945936194 0.881874718041092 0.847523560103754
1.48396838913287 0.913281121836449 0.87823132998927
1.51554218464633 0.944773968895492 0.908769483359982
1.5471159801598 0.976321866463376 0.939138020215889
1.57868977567326 1.00789336690971 0.969336940556991
1.61026357118673 1.03945699907625 0.999366244383288
1.64183736670019 1.07098129964802 1.02922593169478
1.67341116221366 1.10243484451661 1.05891600249147
1.70498495772712 1.13378628010448 1.08843645677335
1.73655875324059 1.1650043546188 1.11778729454043
1.76813254875405 1.19605794920398 1.1469685157927
1.79970634426752 1.22691610896159 1.17598012053017
1.83128013978099 1.2575480738069 1.20482210875284
1.86285393529445 1.28792330913117 1.2334944804607
1.89442773080792 1.31801153623924 1.26199723565375
1.92600152632138 1.34778276253198 1.290330374332
1.95757532183485 1.37720731140358 1.31849389649545
1.98914911734831 1.40625585182379 1.34648780214409
2.02072291286178 1.43489942757579 1.37431209127793
2.05229670837524 1.46310948612035 1.40196676389696
2.08387050388871 1.49085790705759 1.42945182000118
2.11544429940217 1.51811703015808 1.45663867240129
2.14701809491564 1.54485968293507 1.48310941273202
2.1785918904291 1.57105920773069 1.50883189419604
2.21016568594257 1.59668948828886 1.53380611679334
2.24173948145603 1.6217249757885 1.55803208052394
2.2733132769695 1.64614071431121 1.58150978538783
2.30488707248296 1.66991236571786 1.604239231385
2.33646086799643 1.69301623390933 1.62622041851547
2.36803466350989 1.71542928844737 1.64745334677922
2.39960845902336 1.73712918751178 1.66793801617627
2.43118225453682 1.75809430017125 1.6876744267066
2.46275605005029 1.77830372794553 1.70666257837023
2.49432984556376 1.79773732563752 1.72490247116714
2.52590364107722 1.8163757214144 1.74239410509735
2.55747743659069 1.83420033611792 1.75913748016084
2.58905123210415 1.85119340178449 1.77513259635762
2.62062502761762 1.86733797935671 1.7903794536877
2.65219882313108 1.88261797556855 1.80487805215106
2.68377261864455 1.89701815898746 1.81862839174771
2.71534641415801 1.91052417519746 1.83163047247765
2.74692020967148 1.92312256110786 1.84388429434089
2.77849400518494 1.9348007583736 1.85538985733741
2.81006780069841 1.94554712591367 1.86611189546225
2.84164159621187 1.95535095151519 1.87587972125136
2.87321539172534 1.96420246251161 1.88467076446156
2.9047891872388 1.97209283552426 1.89248502509285
2.93636298275227 1.97901420525771 1.89932250314523
2.96793677826573 1.98495967234011 1.90518319861869
2.9995105737792 1.98992331020056 1.91006711151325
3.03108436929266 1.99390017097689 1.91397424182889
3.06265816480613 1.99688629044779 1.91690458956563
3.0942319603196 1.99887869198444 1.91885815472345
3.12580575583306 1.99987538951766 1.91983493730236
3.15737955134653 1.99987538951766 1.91983493730236
3.18895334685999 1.99887869198444 1.91885815472345
3.22052714237346 1.99688629044779 1.91690458956563
3.25210093788692 1.99390017097689 1.91397424182889
3.28367473340039 1.98992331020056 1.91006711151325
3.31524852891385 1.98495967234011 1.90518319861869
3.34682232442732 1.97901420525771 1.89932250314523
3.37839611994078 1.97209283552426 1.89248502509285
3.40996991545425 1.96420246251161 1.88467076446156
3.44154371096771 1.95535095151519 1.87587972125136
3.47311750648118 1.94554712591367 1.86611189546225
3.50469130199464 1.9348007583736 1.85538985733741
3.53626509750811 1.92312256110786 1.84388429434089
3.56783889302157 1.91052417519746 1.83163047247765
3.59941268853504 1.89701815898746 1.81862839174771
3.6309864840485 1.88261797556855 1.80487805215106
3.66256027956197 1.86733797935671 1.7903794536877
3.69413407507544 1.85119340178449 1.77513259635762
3.7257078705889 1.83420033611792 1.75913748016084
3.75728166610237 1.8163757214144 1.74239410509735
3.78885546161583 1.79773732563752 1.72490247116714
3.8204292571293 1.77830372794553 1.70666257837023
3.85200305264276 1.75809430017125 1.6876744267066
3.88357684815623 1.73712918751178 1.66793801617627
3.91515064366969 1.71542928844737 1.64745334677922
3.94672443918316 1.69301623390933 1.62622041851547
3.97829823469662 1.66991236571786 1.604239231385
4.00987203021009 1.64614071431121 1.58150978538783
4.04144582572355 1.6217249757885 1.55803208052394
4.07301962123702 1.59668948828886 1.53380611679334
4.10459341675048 1.57105920773069 1.50883189419604
4.13616721226395 1.54485968293507 1.48310941273202
4.16774100777741 1.51811703015808 1.45663867240129
4.19931480329088 1.49085790705759 1.42945182000118
4.23088859880434 1.46310948612035 1.40196676389696
4.26246239431781 1.43489942757579 1.37431209127793
4.29403618983128 1.40625585182379 1.34648780214409
4.32560998534474 1.37720731140358 1.31849389649545
4.35718378085821 1.34778276253198 1.290330374332
4.38875757637167 1.31801153623924 1.26199723565375
4.42033137188514 1.28792330913117 1.2334944804607
4.4519051673986 1.2575480738069 1.20482210875284
4.48347896291207 1.22691610896159 1.17598012053017
4.51505275842553 1.19605794920398 1.1469685157927
4.546626553939 1.1650043546188 1.11778729454043
4.57820034945246 1.13378628010448 1.08843645677335
4.60977414496593 1.10243484451661 1.05891600249147
4.64134794047939 1.07098129964802 1.02922593169478
4.67292173599286 1.03945699907625 0.999366244383288
4.70449553150632 1.00789336690971 0.969336940556991
4.73606932701979 0.976321866463376 0.939138020215889
4.76764312253325 0.944773968895492 0.908769483359982
4.79921691804672 0.913281121836449 0.87823132998927
4.83079071356018 0.881874718041092 0.847523560103754
4.86236450907365 0.85058606409574 0.816646173703433
4.89393830458711 0.819446349211098 0.785615417894585
4.92551210010058 0.788486614132181 0.754874026323287
4.95708589561405 0.757737720196217 0.724621026041445
4.98865969112751 0.727230318569397 0.694856417049057
5.02023348664098 0.696994819693128 0.665580199346126
5.05180728215444 0.667061362970239 0.63679237293265
5.08338107766791 0.637459786721375 0.60849293780863
5.11495487318137 0.608219598441507 0.580681893974065
5.14652866869484 0.579369945386216 0.553359241428956
5.1781024642083 0.55093958551708 0.526524980173303
5.20967625972177 0.52295685883511 0.500179110207104
5.24125005523523 0.495449659130822 0.474321631530362
5.2728238507487 0.468445406179099 0.448952544143075
5.30439764626216 0.44197101840656 0.424071848045244
5.33597144177563 0.416052886058694 0.399679543236868
5.36754523728909 0.390716844893483 0.375775629717948
5.39911903280256 0.365988150427761 0.352360107488483
5.43069282831602 0.341891452761963 0.329432976548474
5.46226662382949 0.318450772008366 0.30699423689792
5.49384041934295 0.295689474347328 0.285043888536823
5.52541421485642 0.273630248735361 0.26358193146518
5.55698801036988 0.252295084288291 0.242608365682993
5.58856180588335 0.231705248362029 0.222125842326633
5.62013560139682 0.211881265352807 0.20239152162406
5.65170939691028 0.192842896238015 0.183575076303002
5.68328319242375 0.174609118878024 0.165676506363459
5.71485698793721 0.15719810909865 0.148695811805432
5.74643078345068 0.140627222573088 0.132632992628919
5.77800457896414 0.124912977521406 0.117488048833921
5.80957837447761 0.11007103824482 0.103260980420439
5.84115216999107 0.0961161995111764 0.0899517873884708
5.87272596550454 0.0830623718072114 0.0775604697380184
5.904299761018 0.0709225674722695 0.0660870274690806
5.93587355653147 0.0597088877273244 0.0555314605816578
5.96744735204493 0.0494325106122172 0.0458937690757504
5.9990211475584 0.040103679843143 0.0371739529513577
6.03059494307186 0.0317316946014929 0.0293720122084802
6.06216873858533 0.0243249002642264 0.0224879468471176
6.0937425340988 0.0178906800850196 0.0165217568672699
6.12531632961226 0.0124354478344764 0.0114734422689375
6.15689012512573 0.00796464140674213 0.00734300305211985
6.18846392063919 0.00448271739889416 0.00413043921681736
6.22003771615266 0.0019931466685067 0.00183575076302978
6.25161151166612 0.000498410873826183 0.00045893769075725
6.28318530717959 0 -2.4980018054066E-16
