-3.14159265358979 -3.14159265358979 0 11.54873935 -11.54873935 0
-3.060742214349 -3.13350760966571 -0.925184737843727 11.4183030411038 -11.4183030411038 -0.925184737843727
-2.98161424057188 -3.125594812288 -1.81046269898976 11.2202907404964 -11.2202907404964 -1.81046269898976
-2.90304068197353 -3.11773745642817 -2.66455922432394 10.9571158150845 -10.9571158150845 -2.66455922432394
-2.824595769378 -3.10989296516861 -3.48753720007714 10.6308771357891 -10.6308771357891 -3.48753720007714
-2.74612187924978 -3.10204557615579 -4.2764911996638 10.2440421137685 -10.2440421137685 -4.2764911996638
-2.66756008563544 -3.09418939679436 -5.02759719229741 9.79951969522104 -9.79951969522104 -5.02759719229741
-2.58888804841458 -3.08632219307227 -5.73687457469937 9.3006160729528 -9.3006160729528 -5.73687457469937
-2.51009702755869 -3.07844309098668 -6.40047945903065 8.75098265585805 -8.75098265585805 -6.40047945903065
-2.43118334671771 -3.07055172290258 -7.014825333496 8.15457333537557 -8.15457333537557 -7.014825333496
-2.35214521913978 -3.06264791014479 -7.57663938082306 7.51560902295897 -7.51560902295897 -7.57663938082306
-2.27298156725184 -3.054731544956 -8.08299402960471 6.83854572609248 -6.83854572609248 -8.08299402960471
-2.19369158397467 -3.04680254662828 -8.53132810609979 6.12804375906663 -6.12804375906663 -8.53132810609979
-2.11427457008212 -3.03886084523903 -8.91946273676269 5.38893689993817 -5.38893689993817 -8.91946273676269
-2.03472987432099 -3.03090637566291 -9.24561380381612 4.6262010223804 -4.6262010223804 -9.24561380381612
-1.95505687180628 -3.02293907541144 -9.50840155339382 3.84492209632912 -3.84492209632912 -9.50840155339382
-1.87525495669401 -3.01495888390021 -9.70685753281465 3.05026362456204 -3.05026362456204 -9.70685753281465
-1.79532354020195 -3.00696574225101 -9.84042889247499 2.24743366172886 -2.24743366172886 -9.84042889247499
-1.71526205065599 -2.99895959329641 -9.90898004813782 1.44165159829715 -1.44165159829715 -9.90898004813782
-1.63506993432683 -2.9909403816635 -9.91279169599079 0.638114908144011 -0.638114908144011 -9.91279169599079
-1.55474665659832 -2.98290805389064 -9.8525571824189 -0.158033934297164 0.158033934297164 -9.8525571824189
-1.4742917032977 -2.97486255856058 -9.7293762446506 -0.941740158772955 0.941740158772955 -9.7293762446506
-1.39370458212551 -2.96680384644336 -9.5447461542901 -1.70806881723769 1.70806881723769 -9.5447461542901
-1.31298482416271 -2.95873187064708 -9.30055031213117 -2.45223610839495 2.45223610839495 -9.30055031213117
-1.23213198544772 -2.95064658677559 -8.99904435910858 -3.16963970531979 3.16963970531979 -8.99904435910858
-1.151145648621 -2.94254795309291 -8.64283988455938 -3.85588788747846 3.85588788747846 -8.64283988455938
-1.07002542463712 -2.93443593069453 -8.23488582899401 -4.506827284557 4.506827284557 -8.23488582899401
-0.988770954544557 -2.92631048368527 -7.77844769419824 -5.11856904691738 5.11856904691738 -7.77844769419824
-0.90738191133376 -2.91817157936419 -7.27708468859274 -5.68751326618904 5.68751326618904 -7.27708468859274
-0.825858001853661 -2.91001918841618 -6.73462495026213 -6.21037147944 6.21037147944 -6.73462495026213
-0.744198968796815 -2.9018532851105 -6.15513900382647 -6.68418710151679 6.68418710151679 -6.15513900382647
-0.662404592752844 -2.8936738475061 -5.54291162026448 -7.1063536424465 7.1063536424465 -5.54291162026448
-0.580474694329699 -2.88548085766378 -4.90241226081092 -7.47463058020336 7.47463058020336 -4.90241226081092
-0.498409136341723 -2.87727430186499 -4.23826429704407 -7.78715677359178 7.78715677359178 -4.23826429704407
-0.416207826063203 -2.86905417083713 -3.55521320916358 -8.04246131541519 8.04246131541519 -3.55521320916358
-0.333870717545546 -2.86082045998537 -2.85809397314414 -8.23947174240689 8.23947174240689 -2.85809397314414
-0.251397813995747 -2.85257316963039 -2.15179785485674 -8.37751953550586 8.37751953550586 -2.15179785485674
-0.168789170213263 -2.84431230525214 -1.44123883529855 -8.45634286187349 8.45634286187349 -1.44123883529855
-0.0860448950817653 -2.83603787773899 -0.731319895694575 -8.47608652846274 8.47608652846274 -0.731319895694575
-0.00316515411165003 -2.82774990364198 -0.0268993943678421 -8.43729913585938 8.43729913585938 -0.0268993943678421
0.0798498279715595 -2.81944840543366 0.667242231138497 -8.34092744040118 8.34092744040118 0.667242231138497
0.162999764598497 -2.81113341177096 1.34643520320796 -8.18830795212031 8.18830795212031 1.34643520320796
0.24628430469331 -2.80280495776148 2.006152352723 -7.98115581572054 7.98115581572054 2.006152352723
0.329703029984323 -2.79446308523238 2.64204004851344 -7.72155104145967 7.72155104145967 2.64204004851344
0.413255452296078 -2.78610784300121 3.24994788410277 -7.41192217232181 7.41192217232181 3.24994788410277
0.496941010831803 -2.77773928714763 3.82595690483011 -7.05502749309059 7.05502749309059 3.82595690483011
0.580759069456235 -2.76935748128519 4.36640616676037 -6.6539339057303 6.6539339057303 4.36640616676037
0.664708913989771 -2.76096249683184 4.8679174287958 -6.21199361369727 6.21199361369727 4.8679174287958
0.748789749525874 -2.75255441327823 5.32741779103565 -5.73281877529273 5.73281877529273 5.32741779103565
0.833000697784703 -2.74413331845234 5.74216010565924 -5.22025430277866 5.22025430277866 5.74216010565924
0.917340794516917 -2.73569930877912 6.10974100137295 -4.67834899956424 4.67834899956424 6.10974100137295
1.00180898697265 -2.72725248953355 6.42811637869638 -4.11132524218215 4.11132524218215 6.42811637869638
1.08640413145161 -2.71879297508565 6.69561425098236 -3.52354742687017 3.52354742687017 6.69561425098236
1.17112499095113 -2.7103208891357 6.91094482497322 -2.91948941221206 2.91948941221206 6.91094482497322
1.25597023293012 -2.7018363649378 7.07320773477828 -2.30370119933946 2.30370119933946 7.07320773477828
1.34093842720737 -2.69333954551008 7.18189636428931 -1.68077509952592 1.68077509952592 7.18189636428931
1.4260280440136 -2.68483058382945 7.23689921508944 -1.05531164549745 1.05531164549745 7.23689921508944
1.51123745221735 -2.67630964300908 7.23849829970295 -0.431885507330899 0.431885507330899 7.23849829970295
1.59656491774492 -2.66777689645632 7.18736456340844 0.184988323681634 -0.184988323681634 7.18736456340844
1.68200860221544 -2.65923252800927 7.0845503616151 0.790887819442405 -0.790887819442405 7.0845503616151
1.76756656181185 -2.65067673204963 6.93147904378718 1.38151640578047 -1.38151640578047 6.93147904378718
1.85323674640883 -2.64210971358993 6.72993171889058 1.95273440160602 -1.95273440160602 6.72993171889058
1.93901699897837 -2.63353168833298 6.48203130111281 2.50058915490815 -2.50058915490815 6.48203130111281
2.02490505529328 -2.62494288270149 6.19022395795232 3.02134363262234 -3.02134363262234 6.19022395795232
2.11089854394802 -2.61634353383601 5.85725810545469 3.51150323226963 -3.51150323226963 5.85725810545469
2.19699498671563 -2.60773388955925 5.4861611171619 3.96784059637965 -3.96784059637965 5.4861611171619
2.28319179925774 -2.59911420830504 5.08021393400023 4.38741822599535 -4.38741822599535 5.08021393400023
2.36948629220368 -2.59048475901044 4.64292378163163 4.76760870693015 -4.76760870693015 4.64292378163163
2.45587567261235 -2.58184582096958 4.17799521950437 5.10611238179707 -5.10611238179707 4.17799521950437
2.54235704582875 -2.57319768364794 3.68929976173984 5.40097232201288 -5.40097232201288 3.68929976173984
2.62892741774443 -2.56454064645637 3.18084432387515 5.65058647683304 -5.65058647683304 3.18084432387515
2.71558369746868 -2.55587501848394 2.65673876115021 5.85371690079999 -5.85371690079999 2.65673876115021
2.8023227004141 -2.5472011181894 2.12116277330638 6.00949598657166 -6.00949598657166 2.12116277330638
2.88914115179713 -2.5385192730511 1.57833245759671 6.1174296566953 -6.1174296566953 1.57833245759671
2.97603569055102 -2.52982981917571 1.03246679576544 6.17739749524035 -6.17739749524035 1.03246679576544
3.06300287364478 -2.52113310086633 0.487754362036384 6.18964982801995 -6.18964982801995 0.487754362036384
3.15003918079843 -2.51242947015097 -0.05167946241415 6.15480178811579 -6.15480178811579 -0.05167946241415
3.237141019581 -2.50371928627271 -0.581804487467862 6.0738244312638 -6.0738244312638 -0.581804487467862
3.32430473087411 -2.4950029151434 -1.09871665084824 5.94803299304215 -5.94803299304215 -1.09871665084824
3.41152659468036 -2.48628072876278 -1.59866763012768 5.77907240640574 -5.77907240640574 -1.59866763012768
3.49880283625206 -2.47755310460561 -2.07809287932653 5.56890022361534 -5.56890022361534 -2.07809287932653
3.58612963251279 -2.46882042497953 -2.53363785503152 5.31976711070338 -5.31976711070338 -2.53363785503152
3.67350311874078 -2.46008307635674 -2.96218221500256 5.03419510500341 -5.03419510500341 -2.96218221500256
