0 5799500 500 0
0.01 5799499.37497582 500.12496169984 0.500062478252964
0.03 5799498.124459 500.374978597635 1.50056239776446
0.07 5799495.62155044 500.875386602395 3.50306296171136
0.15 5799490.60822484 501.877701183818 7.51407397858263
0.31 5799480.55146988 503.88833853992 15.5601915797169
0.625000983592757 5799460.63433042 507.870311916681 31.4953576637779
1.10894569506615 5799429.72813168 514.049186288792 56.222682031007
1.76488470285704 5799387.23705601 522.543934283876 90.2190097048348
2.59004286737964 5799332.78594809 533.429348711648 133.784703194472
3.57875120037052 5799266.0472673 546.770635001433 187.182097700114
4.72410564715384 5799186.64639836 562.64233475932 250.711266886411
6.01881970743064 5799094.11402205 581.13783704051 324.748140906149
7.45562814323937 5798987.86318668 602.373947282917 409.762866038832
9.0274634721705 5798867.17771413 626.493185827537 506.329100044544
10.727525065937 5798731.20490192 653.665222776545 615.129875306903
12.5493005584948 5798578.94908225 684.088135959083 736.962781796466
14.4865677182278 5798409.26443122 717.989812279147 872.745756503482
16.5333894166979 5798220.84628944 755.629638877638 1023.52407168054
18.6841070028475 5798012.22064048 797.300553204758 1190.47880631912
20.9333340583501 5797781.73154773 843.33148991972 1374.9369623566
23.2759510610205 5797527.52639664 894.090252837578 1578.38335052112
25.70710090375 5797247.53878565 949.986840302477 1802.47437405278
28.2221850273936 5796939.46888226 1011.47725707282 2049.05386066419
30.8168599046466 5796600.76102244 1079.06785272558 2320.17112484073
33.4870336559622 5796228.57828489 1153.32023477791 2618.10148032957
36.2288626421112 5795819.77372068 1234.85681388217 2945.36946544385
39.0387479413503 5795370.85785953 1324.3670485735 3304.77509189826
41.9133316747508 5794877.96204946 1422.61446828668 3699.42348224947
44.8494931889421 5794336.79711103 1530.44456594234 4132.75832302589
47.844345141663 5793742.60670233 1648.79366562414 4608.59963204363
50.8952295634125 5793090.11469158 1778.6988870764 5131.18642134785
53.9997139897746 5792373.46571837 1921.30934735543 5705.22493427108
57.1555877753542 5791586.15798914 2077.89876145342 6335.94324940976
60.3608587132774 5790720.96719159 2249.87962866135 7029.1531797534
63.61375009535 5789769.86022292 2438.81922054355 7791.32055654193
66.9126983586384 5788723.89719883 2646.45762051039 8629.64518065852
70.2563514756992 5787573.11993788 2874.72810513155 9552.15195699354
73.6435682592623 5786306.42478644 3125.78020480781 10567.7950087552
77.0734187691863 5784911.41725092 3402.00583779739 11686.576911278
80.5451860314248 5783374.2454171 3706.06897884926 12919.6856040551
84.0583693072531 5781679.40854006 4040.93940431769 14279.6520556209
87.612689188153 5779809.53645247 4409.93115276659 15780.5323947631
91.2080948400951 5777745.1345245 4816.74645773616 17438.119017764
94.8447737838029 5775464.28776673 5265.5260527069 19270.1861805667
98.5231646792959 5772942.31622814 5760.90692405834 21296.7768477992
102.243973689441 5770151.37201567 6308.08880475918 23540.5391795721
106.00819513638 5767059.96592509 6912.91097123793 26027.1231036678
109.817137347571 5763632.40865714 7581.94124386288 28785.6500989927
113.672454830163 5759828.14766128 8322.57951862581 31849.2728200958
117.576188235362 5755600.97547351 9143.1787025849 35255.8458239104
121.530814009641 5750898.07852252 10053.1866279992 39048.7348494848
125.539306222704 5745658.88609109 11063.3134355598 43277.8004733493
129.60521388049 5739813.66643957 12185.7301251554 48000.6034352775
133.73275817671 5733281.79953658 13434.3055885613 53283.8948748546
137.926955763947 5725969.63113569 14824.8916329566 59205.4772313555
142.193776478626 5717767.77757218 16375.6685349253 65856.5538928912
146.54034742238 5708547.69905777 18107.5679297302 73344.7330125019
150.975220524316 5698157.28234858 20044.7959711984 81797.9216802273
155.508728761965 5686415.0562733 22215.4887228687 91369.455003831
160.153468979808 5673102.47951483 24652.5453952707 102244.975089896
164.924970099693 5657953.44232385 27394.7063586421 114651.85131751
169.842640835 5640639.62504294 30487.9773629919 128872.397594066
174.931153355941 5620749.48548392 33987.5596773943 145262.954838682
180.222534884911 5597757.05110346 37960.5494119219 164282.399484622
185.759466264638 5570973.59067201 42489.8648672129 186536.544460779
191.600766118642 5539468.7669003 47680.2590569044 212850.974042792
197.83114839507 5501933.08236724 53668.1668283741 244398.750804386
204.580230229258 5456415.39914397 60639.4012799273 282945.199576102
212.064636671649 5399754.12561295 68865.5502299753 331380.324157077
220.701934545936 5326074.13526048 78796.6664489498 395129.198290567
230.083045174136 5236095.60820059 89717.4150695022 474186.976729907
239.297827598165 5138292.73662995 100031.494281678 561675.769088369
248.525055373751 5032320.22046589 109306.650412778 658373.129121335
250 5014757.80674206 110647.494521713 674594.69873623
