0 5799500 500 0
0.0077002720550038 5799495.16637897 504.446897844449 0.386723181417897
0.0151974657085386 5799490.41893808 508.814510254657 0.766551669073125
0.0226035146852426 5799485.68886007 513.166148616394 1.14499131310251
0.0302130998411332 5799480.78665191 517.676145179883 1.53720291085332
0.0384703587920941 5799475.41845545 522.614847278521 1.96669727475349
0.0475056571559329 5799469.48575049 528.072892662364 2.44135684442155
0.0573469495887839 5799462.95330701 534.082692566549 2.9640004224687
0.0679860350820697 5799455.80766054 540.656634028966 3.53570542873187
0.0794022516275369 5799448.04221565 547.800784615079 4.15699972930059
0.0915712374681108 5799439.65172396 555.519972601628 4.82830343494231
0.10446813584393 5799430.63026337 563.819646052611 5.55009057683985
0.11806870697172 5799420.97054011 572.706514934888 6.32294494977324
0.132349658866628 5799410.66368459 582.188738957041 7.14757644936026
0.147288695194574 5799399.69922438 592.275952384413 8.02482323212639
0.162864468011412 5799388.06511449 602.979236210164 8.95564929758406
0.179056504913748 5799375.74778028 614.311078664749 9.94114105636562
0.195845135257514 5799362.73215729 626.285338567843 10.9825041457668
0.213211423291619 5799349.00172306 638.917216055348 12.0810608868972
0.231137109918765 5799334.53851997 652.223231567023 13.2382484604661
0.249604562686832 5799319.32316949 666.221212735297 14.4556177699623
0.268596733000392 5799303.3348786 680.93028846726 15.7348329306795
0.288097119463178 5799286.55143919 696.370889484582 17.0776713206662
0.308089736357823 5799268.9492212 712.56475466216 18.4860241362995
0.328559086408494 5799250.50315999 729.534942606919 19.9618974039308
0.349490137108011 5799231.18673858 747.305848014567 21.50741340744
0.370868300011265 5799210.97196507 765.903222427238 23.1248124989363
0.392679412497941 5799189.82934565 785.354199086929 24.8164552661084
0.414909721591848 5799167.72785332 805.687321640133 26.584825034989
0.437545869493953 5799144.63489281 826.932576499815 28.4325306913173
0.460574880543736 5799120.51626148 849.121428713341 30.3623098073756
0.483984149371353 5799095.33610671 872.286861221108 32.3770320643253
0.507761430042604 5799069.05687962 896.463417421094 34.4797029627213
0.53189482603166 5799041.6392852 921.687246980872 36.673467816176
0.556372780884079 5799013.04222911 947.996154861347 38.9616160251233
0.581184069455545 5798983.22276083 975.429653536264 41.347585629364
0.60631778963107 5798952.13601345 1004.029018409 43.8349681395907
0.631763354445555 5798919.73513991 1033.8373464437 46.427513649454
0.657510484540164 5798885.97124573 1064.89961804174 49.1291362309463
0.683549200900463 5798850.79331817 1097.26276220724 51.9439196169944
0.709869817831806 5798814.14815177 1130.97572505692 54.8761231761658
0.736462936135668 5798775.98027007 1166.08954174047 57.9301881853476
0.763319436457277 5798736.23184374 1202.65741184758 61.1107444071331
0.790430472780757 5798694.84260463 1240.73477838746 64.4226169795022
0.817787466052774 5798651.74975594 1280.37941043583 67.870833626186
0.845382097919571 5798606.88787825 1321.65148955299 71.4606321968699
0.873206304565895 5798560.18883137 1364.61370008543 75.1974685471726
0.90125227064677 5798511.58165176 1409.33132347156 79.0870247690447
0.929512423305739 5798460.99244553 1455.87233668064 83.1352177830063
0.957979426274762 5798408.34427677 1504.30751492202 87.3482083043317
0.986646174052785 5798353.55705103 1554.71053877025 91.7324101960563
1.01550578616112 5798296.54739392 1607.15810585977 96.2945002224007
1.04455160147475 5798237.22852447 1661.73004731122 101.04142821695
1.07377717262957 5798175.51012326 1718.50944905984 105.980427680684
1.10317626050609 5798111.29819491 1777.5827782652 111.119026825729
1.13274282879072 5798044.49492493 1839.04001499015 116.46506008149
1.16247103861579 5797974.99853057 1902.97478934577 122.026680080613
1.19235524328027 5797902.70310554 1969.48452430861 127.81237014308
1.2223899830525 5797827.49845829 2038.67058442561 133.830957277574
1.252569980057 5797749.26994364 2110.63843063212 140.091625720132
1.28289013324716 5797667.89828755 2185.49778141849 146.603931031036
1.31334551346533 5797583.25940463 2263.3627805906 153.37781477179
1.34393135859236 5797495.22420833 2344.35217188139 160.423619785051
1.37464306878781 5797403.65841321 2428.58948068034 167.752106101362
1.4054762018225 5797308.42232934 2516.20320316048 175.374467497595
1.43642646850456 5797209.37064817 2607.32700309351 183.302348733069
1.4674897282002 5797106.35221985 2702.09991665673 191.547863490527
1.49866198445002 5796999.2098214 2800.66656554763 200.123613050202
1.52993938068185 5796887.77991553 2903.17737873581 209.042705726539
1.56131819602043 5796771.8923997 3009.78882319552 218.318777098352
1.59279484119468 5796651.37034496 3120.66364397634 227.966011064551
1.62436585454256 5796526.02972425 3235.97111398487 237.999161758923
1.65602789811376 5796395.67912977 3355.88729386528 248.433576358941
1.68777775387012 5796260.11947879 3480.59530238331 259.28521882503
1.71961231998354 5796119.14370765 3610.28559773473 270.570694608323
1.75152860723106 5795972.53645341 3745.15627021685 282.307276366558
1.78352373548664 5795820.07372255 3885.41334671992 294.512930729459
1.81559493030888 5795661.52254632 4031.27110751427 307.206346156779
1.84773951962418 5795496.64062223 4182.95241582876 320.406961933988
1.87995493050428 5795325.17594091 4340.68906073648 334.134998352559
1.91223868603741 5795146.86639799 4504.72211388544 348.411488123858
1.9445884022919 5794961.43939028 4675.30230063408 363.258309077729
1.97700178537122 5794768.61139562 4852.69038617444 378.698218199108
2.00947662855928 5794568.08753569 5037.15757725065 394.754887058325
2.04201080955473 5794359.5611212 5228.98594010533 411.452938693197
2.07460228779292 5794142.71317868 5428.46883531258 428.81798600351
2.10724910185438 5793917.21195809 5635.91137018429 446.876671721208
2.1399493669582 5793682.71242051 5851.63086946477 465.656710022369
2.17270127253903 5793438.85570509 6075.95736505821 485.18692984992
2.20550307990641 5793185.26857441 6309.23410556569 505.497320019217
2.23835311998466 5792921.56283737 6551.81808643976 526.619076181676
2.27124979113225 5792647.33474867 6804.0806015993 548.584649725115
2.30419155703892 5792362.16438392 7066.40781738268 571.427798692921
2.33717694469921 5792065.61498943 7339.20136975338 595.183640807836
2.37020454246093 5791757.23230559 7622.87898571237 619.888708690117
2.40327299814717 5791436.54386272 7917.87512990969 645.581007363742
2.43638101725035 5791103.05824835 8224.64167749228 672.30007414877
2.46952736119693 5790756.26434469 8543.648614266 700.087041042255
2.50271084568142 5790395.630535 8875.38476529837 728.984699694962
2.53593033906832 5790020.60387776 9220.35855313477 759.037569096005
2.56918476086064 5789630.60924706 9579.09878685151 790.291966082722
2.60247308023371 5789225.04843797 9952.15548322156 822.796078798583
2.63579431463306 5788803.29923544 10340.1007213232 856.600043227647
2.66914752843509 5788364.71444508 10743.5295319784 891.756022940089
2.70253183166932 5787908.62088433 11163.0608234698 928.31829218978
2.73594637880126 5787434.31833244 11599.3383450443 966.343322511491
2.76939036757451 5786941.07843724 12053.0316897796 1005.88987297241
2.80286303791139 5786428.1435773 12524.8373384581 1047.01908424003
2.83636367087077 5785894.7256772 13015.4797461611 1089.79457663637
2.86989158766236 5785340.00497426 13525.7124733771 1134.28255235665
2.9034461487166 5784763.12873446 14056.3193634899 1180.55190203945
2.93702675280907 5784163.20991551 14608.115768601 1228.67431588437
2.97063283623896 5783539.32577475 15181.9498257217 1278.72439952297
3.00426387206063 5782890.51641967 15778.703785464 1330.77979485921
3.03791936936774 5782215.78329843 16399.295395453 1384.92130610633
3.07159887262922 5781514.08762795 17044.6793407829 1441.23303125838
3.10530196107679 5780784.3487568 17715.8487439432 1499.80249924731
3.13902824814327 5780025.44246019 18413.8367267514 1560.7208130488
3.17277738095147 5779236.19916404 19139.7180369433 1624.08279901399
3.20654903985332 5778415.40209509 19894.6107421911 1689.9871627186
3.24034293801889 5777561.78535391 20679.6779944497 1758.53665163616
3.27415882107522 5776674.03190738 21496.1298676604 1829.8382249585
3.3079964667948 5775750.77149711 22345.2252719859 1904.00323090362
3.34185568483371 5774790.57846023 23228.2739478931 1981.14759186967
3.37573631651947 5773791.96945862 24146.63854356 2061.39199781295
3.4096382346887 5772753.40111251 25101.7367792406 2144.8621082486
3.4435613435749 5771673.2675343 26095.0437023988 2231.68876329488
3.47750557874666 5770549.89775819 27128.0940376006 2322.00820420502
3.51147090709665 5769381.5530608 28202.4846353432 2415.96230385574
3.54545732688197 5768166.4241681 29319.8770242042 2513.69880768822
3.57946486781655 5766902.62834346 30482.0000709054 2615.3715856257
3.61349359121618 5765588.20635137 31690.6527531056 2721.14089552179
3.64754359019715 5764221.11929129 32947.7070499798 2831.17365872643
3.68161498992943 5762799.24529571 34255.1109558892 2945.64374839085
3.71570794794545 5761320.37608612 35614.8916227084 3064.73229116956
3.74982265450579 5759782.21338032 37029.1586366614 3188.62798301735
3.78395933302305 5758182.36514436 38500.107435809 3317.52741982158
3.81811824054553 5756518.34168169 40030.0228746468 3451.63544365513
3.85229966830226 5754787.5515519 41621.2829426064 3591.16550548477
3.88650394231132 5752987.29731117 43276.3626435993 3736.34004522101
3.92073142405351 5751114.77106582 44997.8380441273 3887.39089005278
3.95498251121339 5749167.04983005 46788.3904978717 4044.55967206988
3.98925763849034 5747141.09067865 48650.8110551017 4208.0982662413
4.02355727848201 5745033.72568442 50588.0050656876 4378.26924988739
4.05788194264324 5742841.65663015 52602.9969849901 4555.34638485947
4.09223218232342 5740561.44948388 54698.9353923995 4739.61512372154
4.12660858988561 5738189.52862583 56879.0982328484 4931.37314131638
4.16101179991118 5735722.1708146 59146.8982921978 5130.93089319327
4.19544249049389 5733155.4988795 61505.8889180188 5338.61220247683
4.22990138462753 5730485.47512517 63959.7699979544 5554.75487686759
4.264389251692 5727707.89443385 66512.3942085582 5779.71135758478
4.29890690904263 5724818.37704955 69167.7735482573 6013.84940219182
4.33345522370828 5721812.36102769 71930.0861689185 6257.5528033872
4.36803511420397 5718685.09433265 74803.6835213475 6511.22214599493
4.40264755246459 5715431.62656442 77793.097831018 6775.27560455823
4.43729356590636 5712046.80029456 80903.0499213116 7050.14978411897
4.47197423962361 5708525.24199037 84138.457402656 7336.30060696511
4.50669071872899 5704861.35250454 87504.4432471159 7634.20424834311
4.54144421084575 5701049.29710637 91006.3447692519 7944.3581243679
4.57623598876174 5697082.99502894 94649.7230354364 8267.28193562022
4.61106739325531 5692956.1085045 98440.3727252905 8603.51877020257
4.64593983610445 5688662.03125915 102384.332470513 8953.63627033369
4.68085480329126 5684193.87643499 106487.895698109 9318.22786689892
4.71581385841504 5679544.46390635 110757.622006902 9697.91408674522
4.75081864632853 5674706.30695379 115200.34910829 10093.3439379174
4.78587089701282 5669671.59825711 119823.205364408 10505.1963784808
4.82097242970831 5664432.19516559 124633.622959339 10934.1818750702
4.85612515732036 5658979.60420052 129639.351741621 11381.0440578509
4.89133109112011 5653304.96474153 134848.473779284 11846.5614791796
4.92659234576303 5647399.03184431 140269.418671763 12331.5494839214
4.96191114464948 5641252.15813329 145910.979666597 12836.8622001143
4.99728982565455 5634854.27470786 151782.330632636 13363.3946594975
5.03273084725659 5628194.87099593 157893.04394574 13912.0850583249
5.06823679509693 5621262.97348249 164253.1093476 14483.9171699015
5.10381038900677 5614047.12323507 170872.953843516 15079.9229214099
5.13945449054063 5606535.3521405 177763.462710641 15701.1851488516
5.17517211105999 5598715.15776007 184936.001694587 16348.8405453406
5.21096642041543 5590573.47670114 192402.440479296 17024.0828195622
5.24684075628057 5582096.65639403 200175.177522981 17728.1660829857
5.28279863419723 5573270.42515195 208267.16636164 18462.4084864037
5.31884375839746 5564079.86037987 216691.9434915 19228.1961286211
5.35498003347597 5554509.35478465 225463.657952704 20026.9872626404
5.39121157699443 5544542.58042354 234597.102748897 20860.3168275558
5.42754273310922 5534162.45041112 244107.748251264 21729.8013376073
5.46397808732446 5523351.07808523 254011.777751242 22637.1441635282
5.50052248248522 5512089.73341059 264326.1253439 23584.1412455091
5.53718103613951 5500358.796374 275068.516344112 24572.6872818783
5.57395915941403 5488137.70709639 286257.510460535 25604.7824430652
5.61086257756743 5475404.91235474 297912.54797858 26682.5396666742
5.64789735240615 5462137.80816985 310053.999233445 27808.1925966987
5.68506990677283 5448312.67807318 322703.217688615 28984.1042381975
5.72238705134586 5433904.62661694 335882.59697471 30212.7764083464
5.75985601402211 5418887.5076349 349615.63228921 31496.8600758862
5.79748447219386 5403233.84669562 363926.986610461 32839.1666939148
5.83528058827599 5386914.75711316 378842.562240808 34242.6806460326
5.87325304889319 5369899.84879111 394389.578265401 35710.5729434842
5.91141110819931 5352157.12907103 410596.654597314 37246.2163316497
5.94976463587531 5333652.89463301 427493.903378347 38853.2019886407
5.98832417043983 5314351.61335085 445113.028621526 40535.3580276217
6.0271009786111 5294215.79483146 463487.435119746 42296.7700487855
6.06610712158405 5273205.84816253 482652.347809657 44141.8040278036
6.10535552923629 5251279.92514624 502644.942977163 46075.1318765934
6.14486008345834 5228393.7470007 523504.49292806 48101.7600712366
6.18463571202276 5204500.41215272 545272.526034035 50227.0618132384
6.22469849467517 5179550.18231019 567993.004412721 52456.8132770839
6.26506578345828 5153490.24347034 591712.521926544 54797.2346031145
6.30575633968502 5126264.43786577 616480.525709053 57255.0364251724
6.34679049047964 5097812.96204013 642349.565076041 59837.4728838214
6.3881903084324 5068072.02523619 669375.572486929 62552.4022768752
6.42997981870329 5036973.4610125 697618.182236571 65408.356750925
6.47218523890955 5004444.28340332 727141.093840857 68414.6227558173
6.51483525840881 4970406.17689465 758012.488716078 71581.334389265
6.55796136523477 4934774.90686363 790305.510857271 74919.5822790975
6.60159823108022 4897459.63372062 824098.824954507 78441.5413248681
6.64578416752977 4858362.10952562 859477.268971656 82160.6215027231
6.69056167046906 4817375.72992987 896532.622966149 86091.6471039795
6.73597807459721 4774384.40635623 935364.52230561 90251.0713381581
6.78208634676349 4729261.21255436 976081.552101425 94657.2353442115
6.82894605621153 4681866.74483197 1018802.5716139 99330.683554132
6.87662457290527 4632047.1145332 1063658.33407294 104294.551393862
6.92519856372186 4579631.46188522 1110793.4910866 109575.047028179
6.97475588323508 4524428.83772678 1160369.10516784 115202.057105375
7.02539799559906 4466224.23673133 1212565.8446783 121209.918590362
7.07724312413578 4404773.47075501 1267588.11222213 127638.417022853
7.13043041832081 4339796.42382998 1325669.47648947 134534.099680551
7.18512557625393 4270967.99583136 1387079.96738278 141952.036785861
7.24152860512646 4197905.65557991 1452136.10731282 149958.23710727
7.29988482032909 4120151.86324694 1521215.08781572 158633.048937342
7.36050093152648 4037148.43980857 1594775.46104059 168076.099150837
7.42376947317434 3948197.73246292 1673388.52884228 178413.738694804
7.49020766711361 3852400.94615213 1757788.26086959 189810.792978274
7.56052295416685 3748554.27365905 1848955.51774827 202490.208592677
7.63573220181373 3634960.04920618 1948271.48364034 216768.467153471
7.71740212668212 3509045.85623033 2057827.84342129 233126.300348378
7.80821272411812 3366471.31938975 2181156.09537769 252372.58523256
7.90042178572648 3219632.56116006 2307301.43191141 273066.006928522
7.99189568091545 3072664.95872113 2432590.01301451 294745.028264364
8.08294892814264 2925864.70018118 2556675.04224151 317460.257577311
8.17470801762117 2778204.03031572 2680307.27325774 341488.696426538
8.26802999818942 2629124.11197546 2803795.74005053 367080.147974016
8.36180782659405 2481231.87151984 2924824.40264958 393943.725830575
8.45676531299025 2334218.52562482 3043497.54288608 422283.931489102
8.55297331884479 2188825.66473225 3159049.64917338 452124.686094362
8.64759298220383 2049980.84871483 3267486.38308487 482532.768200304
8.74038059287016 1918362.29326303 3368314.60306286 513323.103674111
8.83188640459613 1793396.60429748 3462025.11217185 544578.283530668
8.92279191525332 1674342.37735461 3549206.88526374 576450.737381651
9.0137243607295 1560583.59216007 3630318.49766599 609097.910173943
9.10523066790475 1451666.28684076 3705666.63758305 642667.075576184
9.18953447320313 1356348.39847545 3769471.69847955 674179.903045001
9.26639744406071 1273672.2669899 3822966.17863598 703361.554374118
9.34155367357317 1196723.06021492 3871000.34225253 732276.597532549
9.40920319810382 1130721.34356321 3910678.87186966 758599.784567126
9.47559061907782 1068914.59475666 3946403.3455853 784682.059658038
9.5396840519205 1011981.04866013 3977940.47528724 810078.476052624
9.60143785273113 959617.96117652 4005651.40228386 834730.636539617
9.66109607732316 911301.600261257 4029996.99529698 858701.404441758
9.71894678558141 866526.635562942 4051395.23637465 882078.128062404
9.7752495113951 824862.07272373 4070195.51189159 904942.415384682
9.83022154026867 785951.645415515 4086685.11250739 927363.242077091
9.88404152513583 749501.185637427 4101101.50737043 949397.306992139
9.93685666617033 715265.515930742 4113643.35880891 971091.125260347
9.98878940814041 683037.769900919 4124479.07339194 992483.156707136
10.0399427950725 652641.260522743 4133753.18678714 1013605.55269011
10.090404552665 623923.385011868 4141591.11576262 1034485.49922551
10.1402501683 596751.036427975 4148102.73209405 1055146.23147798
10.1895452260545 571007.107191198 4153385.0916525 1075607.8011563
10.2383471967091 546587.785217741 4157524.55217392 1095887.66260834
10.2867068282304 523400.431787089 4160598.44206442 1116001.12614849
10.3346692404467 501361.892594242 4162676.39402798 1135961.71337777
10.3822747978461 480397.136314997 4163821.42441349 1155781.43927151
10.4295598136471 460438.144450321 4164090.8167446 1175471.03880508
10.476557123832 441422.996609145 4163536.85237994 1195040.15101091
10.5232965597011 423295.109708248 4162207.42034575 1214497.469946
10.5698053403105 406002.59977491 4160146.53059054 1233850.86963455
10.6161084009917 389497.74242412 4157394.749255 1253107.50832088
10.6622286703784 373736.513504983 4153989.57038454 1272273.91611048
10.7081873055849 358678.195446195 4149965.73540077 1291356.06915303
10.754003893094 344285.037870931 4145355.5092979 1310359.45283117
10.7996966213416 330521.963368888 4140188.92073178 1329289.11589933
10.8452824297724 317356.311098353 4134493.97178153 1348149.71712011
10.8907771382151 304757.612279649 4128296.82207985 1366945.5656405
10.936195559696 292697.392731195 4121621.95115631 1385680.65611249
10.9815515992367 281148.998462207 4114492.30216126 1404358.69937654
11.0268583407328 270087.441024131 4106929.40959703 1422983.14937884
11.072128123643 259489.259876066 4098953.51324779 1441557.22687614
11.1173726109306 249332.399466791 4090583.66014577 1460083.94038744
11.162602849462 239596.099100417 4081837.79612358 1478566.104776
11.2078293238738 230260.793951115 4072732.84826568 1497006.3577832
11.2530620047653 221308.025838275 4063284.79937659 1515407.17478513
11.29831039194 212720.362577142 4053508.75542148 1533770.88200137
11.3435835533149 204481.324889469 4043419.00675955 1552099.66835098
11.3888901600264 196575.320000588 4033029.0838772 1570395.59612221
11.4342385181862 188987.581168425 4022351.80823291 1588660.61059867
11.4796365976781 181704.112490576 4011399.33874469 1606896.54876474
11.5250920583356 174711.638420757 4000183.21438304 1625105.1471962
11.5706122737904 167997.557498428 3988714.39327365 1643288.04922792
11.6162043532518 161549.899857308 3977003.28866438 1661446.81147832
11.6618751614355 155357.288131506 3965059.8020683 1679582.90980019
11.7076313368407 149408.901423638 3952893.35385763 1697697.74471873
11.7534793085445 143694.442038599 3940512.9115515 1715792.6464099
11.7994253116656 138204.104720743 3927927.01601314 1733868.87926612
11.8454754016311 132928.548161732 3915143.80574777 1751927.6460905
11.8916354673628 127858.86857208 3902171.03947185 1769970.09195607
11.9379112434884 122986.575131813 3889016.1171059 1787997.30776229
11.9843083216713 118303.567155351 3875686.09932706 1806010.33351759
12.0308321611397 113802.112822949 3862187.72580382 1824010.16137323
12.0774880984918 109474.829346163 3848527.43222234 1841997.73843149
12.12428135684 105314.664448208 3834711.36620359 1859973.9693482
12.1712170543568 101314.879051875 3820745.40220017 1877939.71874795
12.2183002122728 97469.0310781211 3806635.15545364 1895895.81346824
12.2655357623762 93770.9602677317 3792385.99508519 1913843.04464708
12.3129285540574 90214.7739467188 3778003.05638586 1931782.16966742
12.3604833609364 86794.8336634609 3763491.25236644 1949713.9139701
12.4082048871094 83505.7426321635 3748855.28462182 1967638.97274602
12.4560977730467 80342.3339230902 3734099.65355949 1985558.01251742
12.50416660117 77299.6593452698 3719228.66803793 2003471.6726168
12.5524159011369 74372.9789721204 3704246.45445624 2021380.56657164
12.6008501548557 71557.7512646693 3689156.96533336 2039285.28340197
12.6494738012527 68849.6237508751 3673963.98741155 2057186.38883757
12.6982912408134 66244.4242230048 3658671.14931635 2075084.42646064
12.7473068399132 63738.1524181453 3643281.92880244 2092979.91877941
12.7965249349583 61326.9721497368 3627799.65961243 2110873.36823783
12.8459498363486 59007.203860582 3612227.5379737 2128765.25816572
12.8955858322797 56775.3175700927 3596568.62875627 2146656.05367364
12.9454371923961 54627.9261906512 3580825.87131293 2164546.20249641
12.9955081713068 52561.7791898822 3565002.08502149 2182436.13578862
13.0458030119772 50573.7565773658 3549099.9745472 2200326.26887543
13.0963259490045 48660.8631959304 3533122.13484235 2218217.00196172
13.1470812117891 46820.2232991089 3517071.05589869 2236108.7208022
13.1980730276093 45049.0753976794 3500949.12726725 2254001.79733507
13.249305624608 43344.7673594268 3484758.64235906 2271896.59028152
13.3007832347005 41704.75174738 3468501.80253935 2289793.44571327
13.3525100964082 40126.5813828038 3452180.72102714 2307692.69759006
13.4044904576278 38607.9051201668 3435797.42661082 2325594.66826901
13.4567285783409 37146.4638221748 3419353.86719033 2343499.6689875
13.5092287332704 35740.0865237543 3402851.91315514 2361408.0003211
13.5619952144892 34386.6867746062 3386293.36060723 2379319.95261817
13.6150323339874 33084.2591506279 3369679.93443711 2397235.80641226
13.6683444262022 31830.8759251293 3353013.29126107 2415155.8328138
13.7219358505162 30624.6838913446 3336295.02222657 2433080.29388209
13.7758109937283 29463.9013282832 3319526.65569302 2451009.44297869
13.8299742725015 28346.8151024484 3302709.65979416 2468943.52510339
13.8844301357923 27271.7778984246 3285845.44488816 2486882.77721342
13.9391830672655 26237.2055717499 3268935.36590118 2504827.42852707
13.9942375876986 25241.5746178956 3251980.72456975 2522777.70081235
14.0495982573794 24283.4197515342 3234982.77158696 2540733.80866151
14.1052696785003 23361.3315906266 3217942.70865723 2558695.95975214
14.1612564975533 22473.9544401744 3200861.69046428 2576664.35509554
14.2175634077291 21619.9841707795 3183740.82655628 2594639.18927294
14.2741951513232 20798.166187434 3166581.18315243 2612620.65066014
14.3311565221534 20007.2934842166 3149383.7848746 2630608.92164118
14.3884523679905 19246.2047808178 3132149.61640765 2648604.17881154
14.4460875930071 18513.7827370379 3114879.62409179 2666606.59317117
14.5040671602467 17808.952241615 3097574.71745022 2684616.33030817
14.5623960941156 17130.6787719365 3080235.77065502 2702633.55057304
14.6210794829029 16477.9668213737 3062863.62393422 2720658.4092444
14.6801224813299 15849.8583911483 3045459.08492274 2738691.05668611
14.7395303131325 15245.4315438101 3028022.92995978 2756731.63849641
14.7993082736799 14663.7990155482 3010555.90533518 2774780.29564927
14.8594617326332 14104.1068847078 2993058.72848703 2792837.16462827
14.9199961366464 13565.5332940173 2975532.08915267 2810902.37755331
14.9809170121133 13047.2872241552 2957976.65047545 2828976.06230039
15.0422299679637 12548.6073164092 2940393.05006892 2847058.34261467
15.1039406985121 12068.7607422882 2922781.90104066 2865149.33821706
15.1660549863625 11607.0421180543 2905143.79297735 2883249.1649046
15.2285787053725 11162.7724622449 2887479.29289305 2901357.9346447
15.2915178236799 10735.298194343 2869788.94614212 2919475.75566354
15.3548784067966 10323.9901728474 2852073.27729847 2937602.73252868
15.4186666207722 9928.24277107533 2834332.79100278 2955738.96622615
15.4828887354315 9547.47298911081 2816567.97277885 2973884.55423204
15.5475511276902 9181.11960038459 2798779.2898208 2992039.59057881
15.6126602849525 8828.64233144474 2780967.19175215 3010204.1659164
15.6782228085943 8489.52107354177 2763132.11135829 3028378.36756817
15.7442454175374 8163.25512471609 2745274.46529338 3046562.2795819
15.8107349519173 7849.36246113622 2727394.65476304 3064755.98277583
15.8776983768516 7547.37903649161 2709493.06618368 3082959.55477982
15.9451427863113 7256.85810829926 2691570.07181993 3101173.07007177
16.013075407101 6977.36959003313 2673626.03040078 3119396.60000919
16.0815036029539 6708.49942803457 2655661.28771584 3137630.21285613
16.1504348787446 6449.84900220779 2637676.17719234 3155873.97380545
16.2198768848278 6201.03454954839 2619671.02045412 3174127.94499633
16.2898374215061 5961.68660959354 2601646.12786315 3192392.18552725
16.360324443635 5731.44949092333 2583601.79904485 3210666.75146422
16.4313460653699 5509.98075787906 2565538.32339768 3228951.69584443
16.5029105650612 5296.95073670094 2547455.98058809 3247247.06867521
16.5750263903061 5092.04204032097 2529355.04103144 3265552.91692824
16.6477021631616 4894.94911107922 2511235.7663598 3283869.28452912
16.7209466855282 4705.37778066352 2493098.40987724 3302196.2123421
16.7947689447102 4523.04484660036 2474943.21700344 3320533.73814996
16.8691781191614 4347.6776646543 2456770.42570629 3338881.89662906
16.9441835844249 4179.01375651887 2438580.26692417 3357240.71931931
17.0197949192744 4016.80043220784 2420372.9649786 3375610.23458919
17.0960219120674 3860.79442658043 2402148.73797789 3393990.46759553
17.1728745673189 3710.76154945631 2383907.79821253 3412381.44023801
17.2503631125067 3566.4763487993 2365650.35254285 3430783.17110835
17.3284980051171 3427.72178646904 2347376.60277966 3449195.67543387
17.4072899399436 3294.28892606108 2329086.74605849 3467618.96501545
17.4867498566492 3165.97663237424 2310780.97520798 3486053.04815965
17.5668889476049 3042.59128206284 2292459.47911312 3504497.92960481
17.6477186660162 2923.94648504969 2274122.44307394 3522953.61044101
17.7292507343523 2809.86281629156 2255770.04916017 3541420.08802354
17.8114971530908 2700.16755750574 2237402.47656257 3559897.35587992
17.8944702097927 2594.69444848177 2219019.90194154 3578385.40360997
17.9781824885248 2493.28344761666 2200622.49977355 3596884.21677883
18.0626468796428 2395.78050132688 2182210.44269599 3615393.77680268
18.1478765899553 2302.03732200323 2163783.90185125 3633914.06082674
18.2338851532848 2211.91117418833 2145343.04723037 3652445.04159544
18.3206864414453 2125.26466866839 2126888.0480171 3670986.68731423
18.4082946756565 2041.96556418336 2108419.07293293 3689538.96150288
18.4967244384161 1961.88657647065 2089936.2905838 3708101.82283973
18.5859906858509 1884.90519436877 2071439.86980905 3726675.22499658
18.6761087605729 1810.90350271756 2052929.98003343 3745259.11646385
18.7670944050621 1739.76801180214 2034406.79162273 3763853.44036546
18.8589637756042 1671.38949309705 2015870.4762439 3782458.134263
18.9517334568101 1605.66282107641 1997321.20723023 3801073.12994868
19.0454204767466 1542.48682086507 1978759.15995252 3819698.35322661
19.1400423227082 1481.76412151394 1960184.51219689 3838333.7236816
19.2356169576642 1423.40101469123 1941597.44455011 3856979.1544352
19.3321628374135 1367.30731858894 1922998.14079336 3875634.55188804
19.4296989284858 1313.3962468517 1904386.78830516 3894299.81544798
19.5282447268253 1261.58428234235 1885763.57847446 3912974.8372432
19.6278202773003 1211.79105556539 1867128.70712489 3931659.50181954
19.7284461940795 1163.93922757651 1848482.37495112 3950353.6858213
19.8301436819223 1117.95437721259 1829824.78796835 3969057.25765444
19.9329345584318 1073.7648924828 1811156.15797606 3987770.07713145
20.0368412773207 1031.30186596751 1792476.70303722 4006491.99509681
20.1418869527464 990.498994077387 1773786.64797402 4025222.8530319
20.2480953847711 951.292480030433 1755086.22488156 4043962.48263841
20.3554910860114 913.620940410235 1736375.67366073 4062710.70539886
20.4640993095399 877.425315173621 1717655.24257168 4081467.33211314
20.5739460781103 842.648780980879 1698925.18880947 4100232.16240955
20.6850582147784 809.236667726423 1680185.7791033 4119004.98422897
20.797463374999 777.136378152219 1661437.29034118 4137785.57328067
20.9111900802807 746.297310430795 1642680.01022161 4156573.69246796
21.0262677534891 716.670783608685 1623914.23793425 4175369.09128214
21.1427267558919 688.209965805319 1605140.28487147 4194171.50516272
21.260598426047 660.869805066184 1586358.47537291 4212980.65482202
21.3799151206417 634.606962772814 1567569.14750523 4231796.24553199
21.5007102573972 609.37974951581 1548772.65387948 4250617.966371
21.62301836016 585.148063340484 1529969.36250841 4269445.48942825
21.7468751063121 561.873330278086 1511159.65770656 4288278.46896316
21.8723173766382 539.518447078781 1492343.94103585 4307116.54051707
21.9993833077979 518.047726065619 1473522.63229962 4325959.31997431
22.1281123475642 497.426842031694 1454696.17058848 4344806.40256949
22.2585453129954 477.622781105589 1435865.01538111 4363657.36183778
22.3907244517235 458.603791512888 1417029.64770388 4382511.7485046
22.5246935065533 440.339336164288 1398190.57135298 4401369.08931085
22.66049778358 422.80004700329 1379348.31418316 4420228.88576983
22.7981842240472 405.95768104897 1360503.42946757 4439090.61285137
22.937801480185 389.7850780717 1341656.49733321 4457953.71758872
23.0793999952836 374.256119841942 1322808.12627705 4476817.61760311
23.223032088275 359.345690894442 1303958.95476811 4495681.69954099
23.3687520431193 345.029640752292 1285109.6529411 4514545.31741814
23.5166162033088 331.284747557327 1266260.92438764 4533407.7908648
23.6666830718296 318.088683055324 1247413.50805157 4552268.40326537
23.8190134169441 305.419978886354 1228568.18023503 4571126.39978608
23.9736703841864 293.257994132428 1209725.75672282 4589980.98528305
24.1307196149885 281.582884076396 1190887.09503255 4608831.32208337
24.2902293723912 270.375570127694 1172053.09679915 4627676.52763071
24.4522706743251 259.617710872204 1153224.71030236 4646515.67198677
24.6169174349842 249.291674205043 1134402.93314664 4665347.77517915
24.7842466148567 239.38051050662 1115588.81510362 4684171.80438587
24.9543383800193 229.867926823751 1096783.46112758 4702986.67094559
25.1272762713488 220.738262019059 1077988.03455532 4721791.22718266
25.3031473843563 211.976462853205 1059203.7605025 4740584.26303465
25.4820425604044 203.568060965815 1040431.92946908 4759364.50246995
25.6640565901275 195.499150722249 1021673.90116748 4778130.59968179
25.8492884299414 187.756367894542 1002931.10858762 4796881.13504448
26.0378414325974 180.326869146038 984205.062314096 4815614.61081675
26.2298235928137 173.198312290353 965497.355111288 4834329.44657642
26.4253478091004 166.358837296401 946809.666793287 4853023.97436941
26.6245321629829 159.797048012246 928143.769396186 4871696.4335558
26.8275002169295 153.501994581581 909501.532671217 4890344.9653342
27.0343813323917 147.463156527556 890884.929917989 4908967.60692548
27.2453110094836 141.670426479666 872296.044177885 4927562.28539563
27.4604312499535 136.114094520268 853737.074808337 4946126.81109714
27.6798909452329 130.784833128174 835210.344459372 4964658.8707075
27.9038462915031 125.673682697598 816718.306474303 4983156.019843
28.1324612338744 120.772037611505 798263.552736753 5001615.67522563
28.3659079419536 116.071632849225 779848.821986434 5020035.10638071
28.6043673192649 111.56453110885 761477.008625849 5038411.42684304
28.8480295491979 107.243110425686 743151.172039753 5056741.58484982
29.0970946803839 103.100052268661 724874.546448277 5075022.35349945
29.35177325465 99.1283300972239 706650.55131329 5093250.32035661
29.6122869809721 95.3211983618608 688482.802315599 5111421.87648603
29.8788694591435 91.6721819319009 670375.122917862 5129533.2049002
30.1517669572002 88.1750659348164 652331.55652449 5147580.26840957
30.4312392470046 84.8238859916806 634356.37924514 5165558.79686886
30.7175605027759 81.612918833897 616454.113262464 5183464.2738187
31.0110202677937 78.5366732866952 598629.54079731 5201291.9225294
31.3119244949792 75.589881605239 580887.718655409 5219036.69146298
31.6205966675885 72.7674911494882 563233.993328296 5236693.23918055
31.9373790068528 70.0646563841899 545674.016607575 5254255.91873604
32.2626337740602 67.4767311905676 528213.761655262 5271718.76161354
32.5967446753304 64.9992614763925 510859.539453394 5289075.46128512
32.9401183781847 62.6279780711802 493618.015533021 5306319.3564889
33.2931861499869 60.3587898932405 476496.226855563 5323443.41435454
33.6564056294524 58.1877773752225 459501.598688023 5340440.2135346
34.0302627437203 56.1111861346267 442641.961277017 5357301.92753684
34.4152737849995 54.1254208755143 425925.56608493 5374020.30849419
34.8119876625813 52.2270395073132 409361.101304043 5390586.67165645
35.220988348129 50.4127474662136 392957.706311267 5406991.88094126
35.642897534672 48.6793922241608 376724.98466693 5423226.33594084
36.0783775327709 47.0239579698992 360673.015196062 5439279.96084596
36.528134430979 45.4435604459072 344812.360620425 5455142.19581912
36.9929215521844 43.9354419244168 329154.073134825 5470801.99142325
37.4735432428506 42.4969663050367 313709.696243535 5486247.80679015
37.9708590388372 41.1256143158497 298491.262093957 5501467.61229172
38.4857882596679 39.8189787992585 283511.283467602 5516448.89755359
39.0193150931973 38.5747600633596 268782.7395168 5531178.68572313
39.5724942450685 37.3907612792963 254319.054273576 5545643.55496514
40.1464572427205 36.2648839049372 240134.066910497 5559829.66820559
40.7424195027039 35.1951231154184 226241.992708165 5573722.81216871
41.3608584136556 34.1808634012424 212675.021869279 5587290.79726731
41.9878106525086 33.241902756747 199751.468293845 5600215.28980339
42.6180819084845 32.3791583679845 187550.956097334 5612416.66474429
43.2497851171929 31.5877853669235 176070.398993956 5623898.01322067
43.8822412079043 30.8616382989844 165280.140361519 5634688.99800018
44.5152073297729 30.1946745177893 155143.221959723 5644826.58336575
45.1485975033939 29.5813442910071 145621.830549499 5654348.5881062
45.7823820715156 29.01665786837 136679.380835627 5663291.6025065
46.4165515814788 28.4961557378115 128281.127889012 5671690.37595525
47.051103822808 28.0158547593496 120394.288767894 5679577.69537734
47.6860391777036 27.5721927484626 112988.003730478 5686984.42407677
48.3213589546345 27.1619778911817 106033.248121459 5693939.58990065
48.9570647921037 26.7823442477794 99502.7320812337 5700470.48557451
49.593158446176 26.4307130645343 93370.8003293617 5706602.76895757
50.2296417155076 26.1047592247763 87613.335902125 5712360.55933865
50.8665164155496 25.8023821380205 82207.6689189479 5717766.52869891
51.5037843702599 25.5216804335641 77132.4905215348 5722841.98779803
52.1414474099827 25.2609299116309 72367.7718290384 5727606.96724105
52.7795073714453 25.0185642870411 67894.6876635663 5732080.29377214
53.4179660984319 24.7931583316098 63695.5447817511 5736279.66205991
54.056825442632 24.5834130817689 59753.7143526016 5740221.70223431
54.6960872644908 24.3881428285129 56053.5684334231 5743922.04342375
55.3357534340111 24.2062636491644 52580.4202089586 5747395.37352739
55.9758258314927 24.0367832760174 49320.4677723075 5750655.49544441
56.6163063482139 23.8787921268017 46260.7412390494 5753715.37996882
57.2571968870587 23.7314553470832 43389.0529982186 5756587.21554643
57.8984993630982 23.5940057359735 40693.950915283 5759282.45507898
58.540215704131 23.4657374445121 38164.6743131295 5761811.85994942
59.1823478511889 23.3460003513526 35791.1125672706 5764185.54143238
59.8248977590135 23.2341950333669 33563.766161094 5766412.99964387
60.4678673965055 23.129768259847 31473.7100560247 5768503.16017571
61.1112587471531 23.0322089484399 29512.5592399829 5770464.40855107
61.7550738094406 22.9410445290412 27672.4363255401 5772304.62262993
62.3993145972414 22.8558376688206 25945.9410767196 5774031.20308561
63.0439831401965 22.7761833175159 24326.121750494 5775651.10206619
63.6890814840817 22.7017060372794 22806.4481457208 5777170.85014824
64.3346116911645 22.6320575857913 21380.7862585573 5778596.58168386
64.9805758405531 22.5669147251957 20043.3744493238 5779934.05863595
65.6269760285378 22.5059772327358 18788.8010313669 5781188.6929914
66.2738143689279 22.4489660918484 17611.9831977343 5782365.56783617
66.9210929933826 22.3956218449867 16508.1472064201 5783469.45717173
67.5688140517396 22.3457030916213 15472.8097495988 5784504.84454731
68.2169797123405 22.2989851167753 14501.760436656 5785475.94057823
68.8655921623545 22.2552586371119 13591.0453249552 5786386.69941641
69.5146536081011 22.2143286530502 12736.9514361654 5787240.83423518
70.1641662753721 22.1760133966609 11935.9921996435 5788041.83178696
70.8141324097538 22.1401433662131 11184.8937678049 5788792.96608883
71.4645542769503 22.1065604392306 10480.5821516685 5789497.31128789
72.1154341631072 22.0751170567818 9820.17112781336 5790157.75375513
72.766774375138 22.0456754724943 9200.95087086506 5790777.00345366
73.4185772410514 22.0181070604593 8620.37726833405 5791357.6046246
74.0708451102821 21.9922916767899 8076.06187718136 5791901.94583114
74.7235803540234 21.9681170701282 7565.76248388498 5792412.26939904
75.3767853655646 21.9454783368627 7087.37423204058 5792890.68028962
76.0304625606296 21.9242774172371 6638.92128365664 5793339.15443892
76.6846143777219 21.9044226289044 6218.54898230589 5793759.54659506
77.3392432784713 21.8858282348065 5824.51648817945 5794153.59768358
77.9943517479869 21.86841404256 5455.18985686387 5794522.94172909
78.6499422952138 21.8521050327879 5109.03553533026 5794869.11235963
79.306017453295 21.8368310140767 4784.61425019644 5795193.54891879
79.9625797799384 21.8225263024468 4480.57526480168 5795497.60220889
80.6196318577897 21.8091294234156 4195.65098302511 5795782.53988755
81.2771762948101 21.7965828349026 3928.65187908952 5796049.55153807
81.9352157246613 21.7848326693784 3678.46173382401 5796299.7534335
82.5937528070953 21.7738284937985 3444.03315901992 5796534.19301248
83.2527902283515 21.7635230859863 3224.38339260564 5796753.85308431
83.9123307015605 21.7538722262445 3018.5903483933 5796959.65577938
84.5723769671542 21.744834503071 2825.78890511722 5797152.46626038
85.2329317932837 21.7363711319547 2645.16742039335 5797333.09620847
85.8939979762442 21.728445786302 2475.96445608516 5797502.30709813
86.555578340908 21.7210244396283 2317.46570236628 5797660.81327319
87.2176757411645 21.7140752182119 2169.00108852856 5797809.28483625
87.8802930603695 21.7075682634732 2029.94206929643 5797948.35036244
88.5434332118021 21.7014756034007 1899.69907607984 5798078.59944831
89.2070991391302 21.6957710323921 1777.71912322838 5798200.58510574
89.8712938168854 21.6904299989346 1663.48355994342 5798314.82601005
90.5360202509467 21.6854295005831 1556.50595906326 5798421.80861143
91.2012814790338 21.6807479857431 1456.33013446166 5798521.98911755
91.8670805712098 21.6763652617956 1362.52827929429 5798615.79535544
92.5334206303943 21.6722624091386 1274.69921779275 5798703.62851979
93.2003047928866 21.668421700749 1192.46676374263 5798785.86481455
93.8677362288989 21.6648265268973 1115.47817919379 5798862.85699428
94.5357181431017 21.6614613246741 1043.40272733765 5798934.93581133
95.2042537751787 21.6583115120113 975.930313850131 5799002.41137463
95.8733464003946 21.655363425902 912.770211341223 5799065.57442523
96.5429993301737 21.6526042645465 853.649861873808 5799124.69753386
97.2132159126913 21.6500220331658 798.313752817172 5799180.03622515
97.8839995334771 21.6476054932484 746.522361585144 5799231.83003292
98.5553536160315 21.6453441150044 698.051165076588 5799280.3034908
99.2272816224557 21.6432280328237 652.689709887547 5799325.66706208
99.8997870540942 21.6412480035422 610.24073960114 5799368.11801239
100.572873452192 21.6393953673386 570.519375683736 5799407.84122894
101.246544398568 21.6376620110916 533.352348725278 5799445.00998926
101.920803516296 21.636040334042 498.577276958325 5799479.7866827
102.595654470411 21.634523215612 466.041989175403 5799512.3234876
103.271100968626 21.6331039852459 435.603889338121 5799542.76300667
103.94714676206 21.6317763941427 407.129360335047 5799571.23886327
104.623795645993 21.630534588762 380.493204499063 5799597.87626091
105.301051460629 21.6293730859908 355.578118639386 5799622.79250827
105.978918091881 21.6282867498663 332.274201479288 5799646.09751176
106.657399472173 21.6272707697571 310.478491518268 5799667.89423771
107.336499581259 21.6263206399108 290.094533457413 5799688.2791459
108.016222447062 21.625432140282 271.03197143955 5799707.34259641
108.696572146537 21.6246013185607 253.206167461771 5799725.16923121
109.377552806543 21.6238244733258 236.537843417649 5799741.8383321
110.059168604749 21.623098138253 220.952745320075 5799757.42415653
110.741423770552 21.622419067311 206.381328343725 5799771.99625258
111.424322586021 21.6217842208843 192.758461408847 5799785.61975436
112.107869386861 21.6211907527654 180.023150105886 5799798.35565913
112.792068563407 21.6206359979607 168.118276833441 5799810.26108716
113.47692456163 21.6201174612599 156.990357090755 5799821.38952544
114.162441884181 21.6196328065219 146.589310930458 5799831.79105625
114.848625091454 21.6191798466313 136.868248637857 5799841.51257151
115.535478802672 21.6187565340845 127.783269760077 5799850.5979737
116.223007697008 21.6183609521656 119.293274661813 5799859.08836438
116.911216514728 21.6179913066759 111.359787834787 5799867.02222085
117.600110058368 21.6176459181817 103.946792235197 5799874.43556184
118.289693193934 21.6173232147485 97.020573967827 5799881.36210281
118.979970852138 21.6170217251317 90.5495766771952 5799887.83340159
119.670948029668 21.6167400723938 84.5042650452417 5799893.87899487
120.362629790482 21.6164769679242 78.8569968318727 5799899.52652619
121.055021267143 21.6162312058329 73.5819029292089 5799904.80186586
121.748127662189 21.6160016576979 68.6547749328482 5799909.7292234
122.441954249535 21.615787267643 64.0529597639361 5799914.33125296
123.136506375915 21.6155870477247 59.7552609044579 5799918.62915204
123.831789462361 21.6154000736098 55.741845835064 5799922.64275408
124.527809005723 21.615225480526 51.9941592899817 5799926.39061522
125.224570580234 21.6150624594666 48.494841967289 5799929.89009556
125.922079839105 21.6149102536354 45.2276543550839 5799933.15743538
126.620342516181 21.6147681551156 42.1774053550019 5799936.20782648
127.319364427628 21.6146355017491 39.3298854041657 5799939.05547909
128.019151473676 21.6145116742132 36.6718038150861 5799941.7136845
128.719709640407 21.6143960932815 34.1907300703449 5799944.19487383
129.421045001593 21.6142882172586 31.8750388251427 5799946.51067295
130.123163720588 21.6141875395771 29.7138583860528 5799948.67195406
130.826072052274 21.6140935865465 27.6970224486467 5799950.68888395
131.529776345062 21.6140059152451 25.8150248901036 5799952.57096918
132.234283042949 21.6139241115456 24.0589774255413 5799954.32709845
132.939598687641 21.6138477882654 22.4205699486552 5799955.96558225
133.64572992073 21.6137765834353 20.8920333883743 5799957.49419002
134.352683485945 21.6137101586775 19.466104923685 5799958.92018491
135.060466231462 21.6136481976871 18.13599540857 5799960.25035638
135.769085112285 21.6135904048099 16.8953588682096 5799961.49105072
136.478547192704 21.6135365037113 15.7382639362208 5799962.64819955
137.188859648822 21.6134862361295 14.6591671108109 5799963.72734664
137.900029771163 21.6134393607083 13.6528877153265 5799964.73367292
138.612064967356 21.6133956519049 12.7145844558057 5799965.67201988
139.32497276491 21.6133548989665 11.8397334748412 5799966.54691162
140.03876081407 21.6133169049736 11.0241078073382 5799967.36257528
140.753436890766 21.6132814859431 10.263758149645 5799968.12296036
141.469008899652 21.6132484699897 9.5549948590633 5799968.83175666
142.185484877251 21.6132176965408 8.89437110593231 5799969.49241119
142.902872995191 21.6131890156019 8.27866710534539 5799970.10814387
143.621181563555 21.6131622870685 7.70487536012526 5799970.68196234
144.340419034336 21.6131373800832 7.17018685096475 5799971.21667576
145.060594005012 21.613114172433 6.67197811365716 5799971.7149077
145.78171522223 21.6130925499862 6.2077991471086 5799972.17910829
146.503791585629 21.6130724061652 5.77536209935811 5799972.61156549
147.226832151775 21.6130536414532 5.3725306821468 5799973.01441567
147.950846138248 21.6130361629329 4.99731026768477 5799973.38965356
148.675842927856 21.6130198838547 4.64783862418107 5799973.73914148
149.401832073004 21.6130047232332 4.32237724943523 5799974.06461802
150.128823300216 21.6129906054693 4.01930326435257 5799974.36770612
150.856826514806 21.6129774599969 3.7371018306502 5799974.6499207
151.585851805735 21.6129652209527 3.47435905927378 5799974.91267571
152.315909450621 21.6129538268671 3.22975537815939 5799975.15729079
153.047009920952 21.6129432203753 3.00205932995601 5799975.38499744
153.779163887469 21.612933347947 2.79012177218182 5799975.59694487
154.512382225766 21.6129241596339 2.59287045402926 5799975.79420538
155.246676022087 21.6129156088334 2.40930494566654 5799975.97777944
155.982056579345 21.6129076520677 2.23849189741308 5799976.14860044
156.718535423372 21.6129002487774 2.07956060760177 5799976.30753913
157.456124309399 21.6128933611284 1.93169887928478 5799976.45540775
158.1948352288 21.6128869538315 1.79414914720016 5799976.59296389
158.934680416086 21.612880993974 1.66620485759773 5799976.72091414
159.675672356183 21.6128754508615 1.54720708462915 5799976.83991745
160.417823791998 21.6128702958713 1.43654136804498 5799976.95058833
161.161147732282 21.612865502314 1.33363475791292 5799977.05349973
161.905657459821 21.6128610453055 1.23795305298265 5799977.14918589
162.651366539956 21.6128569016464 1.14899822017602 5799977.23814487
163.398288829456 21.6128530497099 1.06630598348066 5799977.32084096
164.146438485764 21.6128494693365 0.989443571274618 5799977.39770695
164.897820853867 21.6128461332235 0.917824860600531 5799977.469329
165.665459653712 21.6128429741671 0.850007137151373 5799977.53714988
166.454824706128 21.6128399689479 0.785491938452766 5799977.60166808
167.268871691616 21.6128371084677 0.724083947513887 5799977.66307893
168.109772049687 21.6128343882283 0.665686599315171 5799977.721479
168.979533076344 21.6128318052139 0.610235153710245 5799977.77693303
169.880232957171 21.6128293568621 0.557674601681061 5799977.82949603
170.814122433047 21.6128270407227 0.507952342205895 5799977.87922061
171.783682498751 21.6128248543431 0.461015727956152 5799977.92615941
172.791670590288 21.6128227952289 0.416811208994523 5799977.97036599
173.841167730469 21.6128208608278 0.375283995285624 5799978.01189514
174.935632271311 21.6128190485219 0.336377882577388 5799978.05080306
176.078963801849 21.612817355621 0.300035124434836 5799978.08714751
177.275580532905 21.6128157793578 0.266196311213535 5799978.1209879
178.530514027814 21.6128143168814 0.234800242061631 5799978.15238543
179.849526237236 21.612812965251 0.205783784047844 5799978.18140324
181.239255424013 21.6128117214283 0.179081714839589 5799978.20810656
182.707399894555 21.6128105822698 0.154626545784302 5799978.23256286
184.262951793369 21.6128095445167 0.132348321997689 5799978.25484212
185.916498064913 21.6128086047849 0.112174395517762 5799978.27501699
187.68061284066 21.612807759553 0.0940291668557817 5799978.29316306
189.570376269432 21.6128070051481 0.0778337893940834 5799978.3093592
191.604071342101 21.6128063377303 0.0635058300619149 5799978.32368782
193.804136274729 21.6128057532746 0.0509588786034468 5799978.33623536
196.198492046865 21.6128052475495 0.0401020966462127 5799978.34709265
198.822434682579 21.6128048160931 0.0308396969442698 5799978.35635548
201.72140247494 21.612804454185 0.0230703431860652 5799978.36412519
204.955144594712 21.6128041568144 0.0166864628584712 5799978.37050937
208.604223584631 21.6128039186437 0.0115734724587641 5799978.3756226
212.780589984589 21.6128037339694 0.0076089313758351 5799978.37958733
217.645677285368 21.6128035966821 0.00466167984314654 5799978.38253472
223.443413832897 21.6128035002315 0.00259110322132497 5799978.38460539
230.565731973814 21.6128034376146 0.00124685725049374 5799978.3859497
239.698804241533 21.6128034014194 0.000469827959372041 5799978.38672676
250 21.6128033865 0.000149542952668898 5799978.38704706
