0 5799500 500 0
0.01 5799497.49521036 502.00378841072 0.501001225107431
0.0240211771883561 5799493.96628873 504.826864346487 1.20684691945339
0.0406863497514569 5799489.74609503 508.202945356649 2.05095961394069
0.0609592079208008 5799484.57424854 512.340331080025 3.08542037941118
0.0850831887729102 5799478.36505049 517.307578489658 4.32737102256809
0.113048915287622 5799471.09166418 523.126155781005 5.78218003718653
0.144753167483801 5799462.7469707 529.801757159865 7.45127214066595
0.180061620934563 5799453.32825767 537.336551547975 9.33519078357671
0.218833609689747 5799442.83126934 545.733942419628 11.4347882450485
0.260931388048884 5799431.24805319 555.000290454457 13.7516563538733
0.30622316298553 5799418.56631364 565.145430583868 16.288255778398
0.354583710514627 5799404.76933375 576.182734563239 19.0479316882308
0.405894118509219 5799389.83608719 588.129021422388 22.034891383998
0.460041265597416 5799373.74139251 601.004434030461 25.254173457447
0.516917267587122 5799356.456055 614.832325569532 28.7116194317842
0.57641897174659 5799337.9469784 629.639170161321 32.4138514439262
0.63844752023482 5799318.17724278 645.454500532111 36.3682566902352
0.702907981992039 5799297.10615012 662.310871535119 40.5829783408001
0.769709045140784 5799274.68924052 680.243847154513 45.0669123285532
0.838762760397301 5799250.8782821 699.292008507859 49.8297093927136
0.909984326523103 5799225.62123755 719.496980630904 54.8817818228674
0.983291910018549 5799198.86220937 740.903476191697 60.2343144408399
1.05860649252003 5799170.54136592 763.559354636849 65.8992794465102
1.13585174051234 5799140.59484958 787.515695587446 71.8894548324765
1.21495389295534 5799108.95466829 812.826885570212 78.218446139551
1.2958416632469 5799075.54857123 839.550717393753 84.9007113812083
1.37844615262279 5799040.29990932 867.748501667258 91.9515890120658
1.46270077264817 5799003.12748103 897.485190115777 99.3873288547449
1.54854117490938 5798963.94536359 928.829510478638 107.225125932661
1.63590518638376 5798922.66272993 961.85411289004 115.483157184515
1.72473274926765 5798879.1836512 996.635727737977 124.180621060628
1.81496586428862 5798833.4068849 1033.25533508197 133.337780022485
1.90654853672983 5798785.22564823 1071.79834578513 142.976005985715
1.99942672455839 5798734.52737665 1112.35479458278 153.117828763578
2.09354828818399 5798681.19346705 1155.01954537126 163.786987583511
2.18886294148325 5798625.09900518 1199.89250905662 175.008485763516
2.28532220381424 5798566.112477 1247.07887435621 186.808648648607
2.38287935281706 5798504.09546308 1296.68935199581 199.215184920271
2.48148937785539 5798438.9023158 1348.8404327941 212.257251404308
2.58110893399925 5798370.37981831 1403.65466017299 225.965521514385
2.68169629648719 5798298.36682484 1461.260917679 240.372257480617
2.78321131563463 5798222.69388133 1521.79473214725 255.511386524332
2.88561537217783 5798143.18282566 1585.39859318591 271.418581152142
2.98887133306025 5798059.64636654 1652.22228970621 288.131343754575
3.09294350768079 5797971.88764002 1722.42326427053 305.689095706841
3.19779760463268 5797879.69974274 1796.1669860804 324.13327118205
3.30340068896789 5797782.86524062 1873.62734347613 343.50741590019
3.40972114002611 5797681.15565208 1954.98705687191 363.857291049746
3.51672860986891 5797574.33090426 2040.43811310357 385.230982632818
3.62439398236058 5797462.13876128 2130.18222222226 407.679016499226
3.73268933293606 5797344.31422282 2224.43129782489 431.254479350303
3.84158788909479 5797220.57889192 2323.40796207259 456.013146008944
3.9510639916574 5797090.64031012 2427.34607661194 482.013613269258
4.06109305681846 5796954.19125866 2536.49130067871 509.317440656481
4.17165153902624 5796810.90902382 2651.10167773377 537.989298446279
4.28271689471654 5796660.45462464 2771.4482520525 568.0971233118
4.39426754692423 5796502.47200125 2897.81571676488 599.712281987087
4.50628285079266 5796336.58716172 3030.50309492295 632.909743356841
4.61874305999777 5796162.40728534 3169.82445525601 667.768259405041
4.73162929409991 5795979.51978016 3316.10966436106 704.370555478565
4.84492350683379 5795787.49129248 3469.70517716875 742.80353034712
4.95860845534332 5795585.86666581 3630.97486762153 783.158466567043
5.07266767036542 5795374.16784671 3800.30090160283 825.531251684567
5.18708542736428 5795151.89273489 3978.08465426321 870.022610843568
5.30184671861486 5794918.5139746 4164.7476740023 916.738351393979
5.41693722623249 5794673.47768438 4360.73269548443 965.789620130098
5.5323432961428 5794416.20212199 4566.50470419052 1017.2931738228
5.64805191298508 5794146.07628111 4782.55205514113 1071.37166374674
5.76405067594004 5793862.45841649 5009.38764856447 1128.15393494268
5.88032777547163 5793564.67449357 5247.5501654291 1187.77534099657
5.99687197097149 5793252.01655892 5497.60536591632 1250.37807516105
6.1136725692934 5792923.74102724 5760.14745406932 1316.11151869152
6.23071940416425 5792579.06688065 6035.80051202818 1385.13260731862
6.3480028164576 5792217.17377573 6325.22000744164 1457.60621683144
6.46551363531486 5791837.20005336 6629.09437783649 1533.70556880153
6.58324316009927 5791438.24064653 6948.14669592904 1613.61265753728
6.70118314316731 5791019.3448805 7283.13642007487 1697.51869942114
6.81932577344206 5790579.51415987 7634.86123427923 1785.62460584951
6.93766366077302 5790117.69953651 8004.15898242801 1878.14148106637
7.05618982106732 5789632.79915209 8391.90970165105 1975.29114625802
7.17489766217693 5789123.65554865 8799.03775999488 2077.30669135732
7.29378097052718 5788589.05284004 9226.51410386389 2184.43305609233
7.41283389847237 5788027.71373711 9675.35862098614 2296.92764190665
7.5320509523643 5787438.29641855 10146.6426249744 2415.06095647714
7.65142698132062 5786819.39123945 10641.4914678874 2539.11729266033
7.77095716668015 5786169.51726864 11161.0872875478 2669.39544381079
7.89063701213335 5785487.11864571 11706.671896749 2806.20945753605
8.01046233451685 5784770.56074804 12279.5498218785 2949.88943008085
8.13042925526131 5784018.12615742 12881.0914989054 3100.78234367183
8.25053419248373 5783228.01041557 13512.736635127 3259.25294930233
8.37077385371538 5782398.31755686 14175.9977455406 3425.6846975952
8.49114522925814 5781527.05540623 14872.4638732127 3600.48072055277
8.61164558616285 5780612.13062927 15603.8045035474 3784.06486718623
8.7322724628247 5779651.34352086 16371.7736829275 3976.88279621424
8.85302366419149 5778642.38251796 17178.2143528028 4179.40312923244
8.97389725758247 5777582.81842107 18025.0629109445 4392.11866798523
9.09489156911616 5776470.09830812 18914.3540122666 4615.54767961694
9.21600518074758 5775301.53912361 19848.225622347 4850.23525404665
9.33723692791651 5774074.32092454 20828.9243375565 5096.75473789855
9.45858589781004 5772785.47976374 21858.8109865328 5355.70924973041
9.58005142824453 5771431.90018973 22940.3665286251 5627.73328164048
9.70163310717358 5770010.30734142 24076.1982658777 5913.49439269738
9.82333077283094 5768517.25861383 25269.0463861347 6213.69500003387
9.94514451451879 5766949.13487019 26521.7908559319 6529.07427387515
10.0670746740547 5765302.13117376 27837.458683001 6860.41014323987
10.1891218478918 5763572.24701098 29219.2315694548 7208.52141955995
10.3112868899309 5761755.27597592 30670.4539780578 7574.27004601988
10.4335709150432 5759846.79488356 32194.6416354207 7958.5634810194
10.5559753033288 5757842.15227768 33795.4904974989 8362.3572248242
10.6785017051355 5755736.45629638 35476.8862044332 8786.65749918876
10.801152046868 5753524.56185591 37242.9140535627 9232.52409052602
10.9239285376216 5751201.05711057 39097.8695213641 9701.07336806203
11.0468336766761 5748760.24914347 41046.2693671606 10193.4814893636
11.1698702618915 5746196.14883964 43092.8633536913 10710.9878066682
11.2930413990527 5743502.45488933 45242.646622077 11254.8984885935
11.4163505122124 5740672.53686558 47500.8727613575 11826.5903730653
11.5398013550907 5737699.41731565 49873.0676156537 12427.5150686977
11.6633980235927 5734575.75280148 52365.0438751231 13059.2033233978
11.7871449695148 5731293.81381905 54982.9165002809 13723.2696806695
11.9110470155157 5727845.46352105 57733.1190329678 14421.4174459788
12.0351093714386 5724222.13516107 60622.4208512902 15155.443987636
12.1593376520775 5720414.80817073 63657.9454302925 15927.2463989746
12.2837378964939 5716413.98277382 66847.1896749798 16738.8275511998
12.4083165889982 5712209.6530332 70198.0443976365 17592.3025691642
12.5330806819259 5707791.27821719 73718.8160172542 18489.9057655513
12.65803762035 5703147.75236209 77418.2495653469 19433.9980725601
12.783195368889 5698267.3718962 81305.5530895758 20427.0750142203
12.9085624407864 5693137.80117849 85390.4235544935 21471.7752670119
13.0341479294585 5687746.03579093 89683.0743475009 22570.8898615684
13.1599615427295 5682078.36340817 94194.264507831 23727.3720839978
13.286013639997 5676120.32205091 98935.3298072363 24944.3481418568
13.4123152726042 5669856.65550966 103918.215823171 26225.128667171
13.538878227722 5663271.26570393 109155.513158834 27573.2211372391
13.6657150760873 5656347.1617169 114660.494979658 28992.3433034434
13.7928392239828 5649066.40521792 120447.15705298 30486.4377290953
13.9202649698931 5641410.05195335 126530.260496964 32059.687549687
14.0480075663307 5633358.08895019 132925.377466755 33716.5335830506
14.1760832873856 5624889.36703618 139648.940030675 35461.6929331418
14.3045095026306 5615981.52823256 146718.292517605 37300.1792498317
14.4333047580974 5606610.92752236 154151.747649008 39237.3248286274
14.5624888651412 5596752.54843473 161968.6468061 41278.8047591714
14.6920829981254 5586379.91181435 170189.424825343 43430.663360311
14.8221098019953 5575464.97706219 178835.679764591 45699.3431732195
14.9525935109671 5563978.03503733 187930.248139245 48091.7168234275
15.0835600797476 5551887.59169712 197497.286194115 50615.1221087676
15.2150373289174 5539160.2414214 207562.357854069 53277.4007245286
15.3470551063747 5525760.52881131 218152.53008746 56086.941101232
15.4796454670439 5511650.79757033 229296.476523238 59052.7259064364
15.6128428734269 5496791.02485817 241024.590289369 62184.3848524597
15.7466844200165 5481138.63924925 253369.107190699 65492.2535600499
15.8812100851291 5464648.32011762 266364.240524447 68987.4393579306
16.0164630143589 5447271.77589745 280046.329047675 72681.8950548735
16.1524898406487 5428957.49821654 294453.99987243 76588.5019110283
16.2893410469321 5409650.48835131 309628.348381696 80721.1632669942
16.4270713784913 5389291.95177925 325613.137647491 85094.9105732611
16.5657403136439 5367818.95577666 342455.02031019 89726.023913148
16.7054126032 5345164.04398249 360203.78647008 94632.1695474262
16.8461588914271 5321254.80056663 378912.641880866 99832.5575525045
16.9880564341591 5296013.35502767 398638.521663942 105348.123308384
17.1311899333763 5269355.81659931 419442.44594012 111201.737460568
17.2756525123219 5241191.62462781 441389.925282117 117418.450090076
17.4215468613584 5211422.79790668 464551.425835655 124025.776257663
17.568986592788 5179943.06155439 489002.906492384 131054.031953224
17.7180978534662 5146636.82422669 514826.443838373 138536.731934935
17.8690212581929 5111377.97073886 542110.965054554 146511.06420659
18.0219142260155 5074028.42477009 570953.114954322 155018.460275585
18.1769538277972 5034436.42211073 601458.291562343 164105.286326925
18.3343402898522 4992434.41521385 633741.896046714 173823.688739435
18.4943013498874 4947836.50207249 667930.858907205 184232.639020307
18.6570977353786 4900435.23268921 704165.527422175 195399.239888616
18.8230301426799 4849997.58832244 742602.033172198 207400.378505364
18.9924482569618 4796259.84198807 783415.30904608 220324.848965847
19.1657626009468 4738920.87610077 826803.00267487 234276.121224358
19.3434603905656 4677633.32477872 872990.655391698 249376.019829583
19.5261272090293 4611991.57061297 922238.714338983 265769.715048049
19.7144773761298 4541515.05845973 974852.279748074 283632.661792197
19.9093977569763 4465624.39578967 1031195.07663276 303180.527577566
20.1120131910599 4383605.88376698 1091710.22310469 324683.893128328
20.3237884276163 4294556.56573482 1156952.48557265 348490.948692535
20.5466955043218 4197294.4320027 1227641.16205681 375064.405940493
20.7835077194414 4090201.36016969 1304752.97147352 405045.668356795
21.0383643668966 3970922.438336 1389700.8038597 439376.757804297
21.3180015925805 3835712.48587598 1484724.62784319 479562.886280835
21.6184470946604 3686074.96800249 1588202.22967802 525722.802319496
21.9169129706365 3533781.67884279 1691550.87087961 574667.450277599
22.2091219322095 3382063.91221038 1792364.89960229 625571.188187334
22.4975324844991 3230696.1999957 1890617.83253592 678685.967468383
22.7864016207911 3078407.45126093 1986895.52775165 734697.020987414
23.0805247349453 2923620.23067802 2081838.44310057 794541.326221405
23.3854370945708 2764478.0440603 2176054.24496939 859467.710970306
23.6984079491522 2603603.06499175 2267380.49053147 929016.444476782
24.0076288377914 2448119.52598353 2351435.51521061 1000444.95880587
24.3106637761766 2299951.23327982 2427182.17933334 1072866.58738683
24.6091534764152 2158786.30735746 2494870.53955492 1146343.15308762
24.9056109193584 2023852.34968261 2554934.12030897 1221213.53000842
25.2024582182955 1894453.89042174 2607688.85274709 1297857.25683118
25.5018537519234 1770074.25240012 2653294.01797522 1376631.72962466
25.805745442697 1650355.45721366 2691777.29844056 1457867.24434578
26.11596801969 1535057.13580197 2723065.1950483 1541877.66914973
26.4343364881766 1424020.96999854 2747005.55145366 1628973.4785478
26.7623487699254 1317264.15801106 2763367.16877345 1719368.67321549
27.0686026629699 1224434.88478159 2771427.17640137 1804137.93881705
27.3686482775058 1139694.70085122 2772974.06024686 1887331.23890192
27.6546893270829 1064410.24308472 2768985.3285062 1966604.42840908
27.9273455974926 997429.794596122 2760572.87407976 2041997.33132412
28.1891580891415 937300.337471063 2748576.38456654 2114123.2779624
28.4425877925422 882811.980391725 2733591.07308954 2183596.94651873
28.6896065982319 833040.974728869 2716048.41325549 2250910.61201564
28.9317274625325 787287.942327323 2696274.89502474 2316437.16264794
29.1701146832482 745014.355641417 2674527.83132275 2380457.81303584
29.4056822253515 705795.597384806 2651016.71595871 2443187.68665649
29.6391656469823 669288.947663785 2625916.37812941 2504794.6742068
29.8711718665814 635212.020738167 2599375.50066717 2565412.47859466
30.102213324104 603328.042471529 2571522.42333446 2625149.53419401
30.3327317179376 573435.559406118 2542469.2736208 2684095.16697308
30.5631148447895 545361.055745126 2512315.01267281 2742323.93158206
30.7937088320777 518953.521812997 2481147.74490169 2799898.73328532
31.0248272357714 494080.366010677 2449046.50899111 2856873.12499821
31.2567579599496 470624.275328544 2416082.69272073 2913293.03195073
31.4897686300209 448480.761423045 2382321.16838101 2969198.07019595
31.7241108462416 427556.212710072 2347821.21659377 3024622.57069616
31.9600236120391 407766.326990037 2312637.28725342 3079596.38575654
32.1977361448641 389034.835008676 2276819.63331129 3134145.53168004
32.4374702190895 371292.449742015 2240414.84405979 3188292.7061982
32.6794421506204 354475.993119971 2203466.29811434 3242057.70876569
32.9238645050599 338527.66388228 2166014.55160667 3295457.78451105
33.1709475915265 323394.418888234 2128097.67365284 3348507.90745893
33.4209007899669 309027.446514698 2089751.53858246 3401221.01490284
33.6739337493891 295381.715462208 2051010.08246724 3453608.20207055
33.9302574867333 282415.585811778 2011905.52999647 3505678.88419175
34.1900854103329 270090.471855182 1972468.59659515 3557440.93154967
34.4536342875787 258370.548282637 1932728.66978132 3608900.78193604
34.7211251731072 247222.492912827 1892713.97305073 3660063.53403644
34.9927843113323 236615.260405297 1852451.71501384 3710933.02458086
35.2688440252356 226519.882387546 1811968.22605902 3761511.89155343
35.5495436018886 216909.290219893 1771289.08445089 3811801.62532922
35.8351301840963 207758.157256069 1730439.23347508 3861802.60926885
36.1258596767571 199042.757970616 1689443.09099599 3911514.1510334
36.4219976759656 190740.841741777 1648324.65259017 3960934.50566805
36.7238204285096 182831.519420268 1607107.58924699 4010060.89133274
37.0316158291919 175295.161095691 1565815.34048176 4058889.49842255
37.3456844633284 168113.30370522 1524471.20358016 4107415.49271462
37.666340701811 161268.567322807 1483098.41958097 4155633.01309622
37.993913856275 154744.579129056 1441720.25650284 4203535.16436811
38.3287494021647 148525.904197735 1400360.09022783 4251114.00557444
38.6712102778468 142597.982349405 1359041.48336507 4298360.53428553
39.0216782683836 136947.07041947 1317788.26233104 4345264.66724948
39.3805554831482 131560.189370232 1276624.59279547 4391815.21783429
39.7482659371527 126425.075746531 1235575.05355144 4437999.87070203
40.1252572467883 121530.137034353 1194664.70877343 4483805.15419221
40.5120024516479 116864.410533032 1153919.17852506 4529216.41094191
40.9090019752628 112417.525395578 1113364.70726775 4574217.76733667
41.316785738955 108179.667529418 1073028.23000091 4618792.10246967
41.7359154446325 104141.547082383 1032937.43553127 4662921.01738635
42.1669870442995 100294.368266704 993120.826223549 4706584.80550975
42.6106334163815 96629.8012979906 953607.773424809 4749762.4252772
43.0675272717662 93139.9562469208 914428.567581073 4792431.47617201
43.5383843158606 89817.3586193973 875614.461877426 4834568.17950318
44.023966697088 86654.9264964201 837197.708032885 4876147.36547069
44.5250867772957 83645.9490783865 799211.582671885 4917142.46824973
45.0426112657219 80784.0664902252 761690.402479293 4957525.53103048
45.5774657657723 78063.2507140012 724669.526131186 4997267.22315481
46.1306397932179 75477.7875247081 688185.340787535 5036336.87168776
46.7031923359892 73022.2593131347 652275.230745706 5074702.50994116
47.2962580400274 70691.5286872387 616977.525698294 5112330.94561447
47.9110541233209 68480.7227506351 582331.425930906 5149187.85131846
48.5488881421273 66385.2179638528 548376.901752976 5185237.88028317
49.2111667604432 64400.6255011606 515154.564497368 5220444.81000147
49.8994057073016 62522.7770232271 482705.506573602 5254771.71640317
50.5974417874194 60789.810152822 451832.604637903 5287377.58520927
51.2968921439477 59208.2557547603 422835.41246655 5317956.33177869
51.9949880232304 57768.227261345 395714.045412012 5346517.72732664
52.6909883934522 56456.1389470103 370375.431251435 5373168.42980155
53.38484843919 55258.6605742324 346703.864679034 5398037.47474673
54.0767415506576 54163.7613663765 324583.798187088 5421252.44044654
54.7668926341724 53160.846320389 303906.506780997 5442932.64689861
55.4555228723086 52240.636686714 284571.485328405 5463187.87798488
56.1428336547095 51394.998648088 266486.221334944 5482118.78001697
56.829003832847 50616.7797176047 249565.538728189 5499817.68155421
57.5141911727185 49899.6669677094 233730.889639424 5516369.44339287
58.1985348569365 49238.0676809015 218909.701748577 5531852.23057052
58.8821580043756 48627.0095463623 205034.802804455 5546338.18764918
59.5651699120532 48062.0570934609 192043.918480685 5559894.02442585
60.2476679707209 47539.2414331049 179879.233715409 5572581.52485149
60.929739281128 47055.0008955706 168487.007551358 5584457.99155307
61.6114620151975 46606.1306225255 157817.232865428 5595576.63651205
62.2929065651448 46189.7395550616 147823.333911475 5605986.92653346
62.9741365174943 45803.2135643052 138461.895936838 5615734.89049886
63.6552094824229 45444.1837111276 129692.422216734 5624863.39407214
64.3361778031572 45110.4988106865 121477.114709368 5633412.38647995
65.0170891654655 44800.2016274628 113780.675212182 5641419.12316036
65.6979871235378 44511.5081459887 106570.124435915 5648918.3674181
66.3789115555495 44242.7894583657 99814.6368400567 5655942.57370158
67.0598990598201 43992.555887083 93485.3894155331 5662522.05469738
67.7409833005613 43759.4430245047 87555.4228768923 5668685.1340986
68.4221953106689 43542.1994217131 81999.5139511513 5674458.28662714
69.1035637577661 43339.6757015107 76794.0576347259 5679866.26666376
69.7851151786885 43150.8149051199 71916.9584419622 5684932.22665292
70.4668741867723 42974.6439108924 67347.5297951198 5689677.82629399
71.1488636556223 42810.2657872858 63066.4008113599 5694123.33340135
71.8311048824747 42656.8529623695 59055.4298312523 5698287.71720638
72.5136177338011 42513.6411088995 55297.6241086893 5702188.73478241
73.1964207754089 42379.9236581238 51777.0651463325 5705843.01119554
73.8795313889705 42255.0468674135 48478.8392157938 5709266.11391679
74.5629658766385 42138.4053769211 45388.972649232 5712472.62197385
75.2467395551736 42029.4381990663 42494.3715302163 5715476.19027072
75.9308668408185 41927.6250919778 39782.7654475801 5718289.60946044
76.6153613259846 41832.4832742886 37242.6550074101 5720924.8617183
77.3002358486791 41743.5644440562 34863.2628259691 5723393.17272998
77.9855025554787 41660.4520692004 32634.4877507945 5725705.06018001
78.6711729587567 41582.7589208361 30546.8620789256 5727870.37900024
79.3572579887765 41510.124824317 28591.5115605603 5729898.36361512
80.0437680411971 41442.2146057898 26760.1179937619 5731797.66740045
80.7307130204618 41378.7162146439 25044.8842313917 5733576.39955397
81.4181023794925 41319.339004493 23438.5014354649 5735242.15956004
82.1059451560577 41263.8121572864 21934.1184267958 5736802.06941592
82.7942500061442 41211.8832368622 20525.3129892974 5738262.80377384
83.4830252346203 41163.3168597567 19206.0649987451 5739630.6181415
84.1722788234516 41117.8934723951 17970.7312553431 5740911.37527226
84.8620184576979 41075.4082249519 16814.021908132 5742110.56986692
85.5522515494969 41035.6699331806 15730.9783672503 5743233.35169957
86.2429852602186 40998.5001204146 14716.9526073702 5744284.54727222
86.9342265209548 40963.7321327326 13767.5877723554 5745268.68009491
87.6259820514909 40931.2103209836 12878.7999973758 5746189.98968164
88.3182583778925 40900.7892839896 12046.761370426 5747052.44934559
89.0110618488285 40872.3331677971 11267.8839604644 5747859.78287174
89.7043986507343 40845.7150163404 10538.8048442739 5748615.48013939
90.3982748219172 40820.8161693168 9856.37206865402 5749322.81176203
91.0926962656888 40797.5257034662 9217.6314887489 5749984.84280779
91.7876687626057 40775.7399137974 8619.81442719824 5750604.44565901
92.4831979818915 40755.3618316151 8060.32610240893 5751184.31206598
93.1792894921054 40736.3007764844 7536.73477760326 5751726.96444591
93.8759487711173 40718.4719395197 7046.7615854213 5752234.76647506
94.5731812154458 40701.7959956142 6588.27098576519 5752709.93301862
95.2709921490074 40686.1987424287 6159.26181728241 5753154.53944029
95.969386831324 40671.6107641425 5757.85890541289 5753570.53033045
96.6683704652302 40657.9671181392 5382.30519228226 5753959.72768958
97.3679482041195 40645.2070429466 5030.95435592537 5754323.83860113
98.0681251587635 40633.2736858897 4702.26388837842 5754664.46242573
98.7689064037387 40622.1138490385 4394.78860409948 5754983.09754686
99.4702969834892 40611.6777521451 4107.17455197212 5755281.14769588
100.172301918054 40601.9188113682 3838.1533058251 5755559.92788281
100.874926208482 40592.7934326742 3586.53660997151 5755820.66995736
101.578174841965 40584.2608188917 3351.21135773949 5756064.52782337
102.282052796701 40576.2827894737 3131.13488234209 5756292.58232819
102.986565046514 40568.8236120908 2925.33054072052 5756505.84584719
103.691716565253 40561.8498452466 2732.88357220096 5756705.26658255
104.397512330973 40555.3301911654 2552.9372149339 5756891.7325939
105.103957329935 40549.235358256 2384.68906414277 5757066.0755776
105.811056560419 40543.5379325067 2227.38765719958 5757229.0744103
106.518815036383 40538.2122572146 2080.32927147425 5757381.45847131
107.227237790966 40533.2343204901 1942.85492177489 5757523.91075774
107.936329879852 40528.5816500238 1814.34754501219 5757657.07080497
108.646096384521 40524.2332146312 1694.22936048659 5757781.53742488
109.356542415366 40520.1693321324 1581.95939491391 5757897.87127296
110.067673114717 40516.3715831479 1477.03116197847 5758006.59725488
110.779493659772 40512.822730424 1378.97048683334 5758108.20678274
111.492009265428 40509.5066433271 1287.33346655937 5758203.15989012
112.205225187046 40506.4082271707 1201.70455814995 5758291.88721468
112.919146723141 40503.5133570608 1121.69478610896 5758374.79185683
113.633779218009 40500.8088159667 1046.94006223835 5758452.2511218
114.349128064296 40498.2822367464 977.099610649842 5758524.61815261
115.065198705525 40495.9220478687 911.854491465543 5758592.22346067
115.78199663857 40493.7174225966 850.906217075788 5758655.37636033
116.499527416104 40491.6582314078 793.975455201088 5758714.36631339
117.217796649007 40489.7349974468 740.800813360512 5758769.4641892
117.936810008752 40487.9388548123 691.137699682169 5758820.92344551
118.656573229774 40486.2615095 644.757255304363 5758868.9812352
119.377092111819 40484.6952028313 601.445353909637 5758913.85944326
120.098372522285 40483.2326772083 561.001664209422 5758955.76565858
120.820420398556 40481.8671440479 523.23877145564 5758994.8940845
121.54324175034 40480.5922537557 487.981354298227 5759031.42639195
122.266842662 40479.4020676102 455.065413535305 5759065.53251886
122.991229294907 40478.2910314355 424.337549516437 5759097.37141905
123.716407889788 40477.2539509498 395.654285159964 5759127.09176389
124.442384769108 40476.2859686822 368.881431733653 5759154.83259959
125.169166339455 40475.3825423581 343.893494724502 5759180.72396292
125.896759093961 40474.5394246625 320.573117289339 5759204.88745805
126.625169614744 40473.7526442897 298.810558933349 5759227.43679678
127.354404575385 40473.0184882019 278.503207209718 5759248.47830459
128.084470743435 40472.3334850174 259.555120370506 5759268.11139461
128.81537498297 40471.6943894579 241.87659902742 5759286.42901152
129.547124257181 40471.0981677873 225.38378500179 5759303.51804721
130.279725631012 40470.5419841801 209.998285656224 5759319.45973017
131.013186273852 40470.0231879587 195.646822106637 5759334.32998994
131.747513462277 40469.539301647 182.260899812974 5759348.19979854
132.482714582853 40469.0880097855 169.776500140492 5759361.13549007
133.218797134998 40468.6671484629 158.133791571146 5759373.19905997
133.955768733913 40468.274695516 147.276859326986 5759384.44844516
134.693637113583 40467.9087613571 137.153452244649 5759394.9377864
135.432410129848 40467.5675803886 127.714745812521 5759404.7176738
136.172095763556 40467.2495029678 118.915120350085 5759413.83537668
136.912702123799 40466.9529878859 110.711953372759 5759422.33505874
137.654237451234 40466.6765953304 103.065425245321 5759430.25797943
138.396710121497 40466.4189802985 95.9383372831497 5759437.64268242
139.140128648711 40466.1788864335 89.2959415131363 5759444.52517205
139.884501689102 40465.9551402578 83.1057813554895 5759450.93907839
140.629838044709 40465.7466457759 77.3375425339738 5759456.91581169
141.37614666722 40465.5523794256 71.9629135655451 5759462.48470701
142.123436661916 40465.3713853534 66.9554552210934 5759467.67315943
142.871717291738 40465.2027709954 62.2904783871998 5759472.50675062
143.620997981485 40465.0457029418 57.9449297946499 5759477.00936726
144.371288322149 40464.8994030699 53.8972851130404 5759481.20331182
145.122598075382 40464.7631449255 50.1274489423329 5759485.10940613
145.874937178123 40464.6362503387 46.6166612617468 5759488.7470884
146.628315747368 40464.5180862588 43.3474099240936 5759492.13450382
147.382744085111 40464.4080617937 40.3033488096278 5759495.2885894
148.13823268345 40464.3056254412 37.4692212778492 5759498.22515328
148.894792229872 40464.2102624997 34.8307885785244 5759500.95894892
149.652433612722 40464.1214926477 32.3747629046035 5759503.50374445
150.411167926872 40464.038867679 30.0887447897778 5759505.87238753
151.171006479592 40463.9619693865 27.9611645722399 5759508.07686604
151.931960796629 40463.8904075826 25.9812276638398 5759510.12836475
152.694042628523 40463.8238182495 24.1388633803683 5759512.03731837
153.457263957148 40463.761861809 22.4246771041864 5759513.81346109
154.221637002503 40463.7042215058 20.8299055649491 5759515.46587293
154.987174229765 40463.650601896 19.3463750377786 5759517.00302307
155.75388835661 40463.6007274347 17.9664622710003 5759518.4328103
156.521792360818 40463.554341155 16.6830579675083 5759519.76260088
157.290899488186 40463.5112034351 15.4895326550309 5759520.99926391
158.061223260746 40463.4710908442 14.3797047910618 5759522.14920436
158.832777485319 40463.4337950657 13.3478109580596 5759523.21839398
159.605576262418 40463.3991218902 12.3884780137339 5759524.2124001
160.379633995512 40463.3668902746 11.496697069871 5759525.13641266
161.154965400679 40463.3369314635 10.6677991812402 5759525.99526936
161.931585516667 40463.3090881681 9.89743263370214 5759526.7934792
162.70950971537 40463.2832137991 9.18154172773693 5759527.53524447
163.488753712772 40463.2591717507 8.51634696026267 5759528.22448129
164.269333580349 40463.2368347309 7.89832651384148 5759528.86483876
165.05126575698 40463.216084137 7.3241989682057 5759529.4597169
165.834567061385 40463.1968094719 6.79090715450046 5759530.01228337
166.619254705116 40463.1789077989 6.29560307775693 5759530.52548912
167.405346306147 40463.162283233 5.83563383790196 5759531.00208293
168.192859903072 40463.1468464655 5.40852848409873 5759531.44462505
168.981813969978 40463.1325143207 5.01198574141482 5759531.85549994
169.772227432003 40463.1192093414 4.64386255274893 5759532.23692811
170.564119681637 40463.1068594025 4.30216338263202 5759532.59097722
171.357510595806 40463.0953973501 3.98503023296753 5759532.91957242
172.152420553784 40463.0847606643 3.69073332400474 5759533.22450601
172.948870455984 40463.0748911454 3.41766239686244 5759533.50744646
173.746881743689 40463.0657346203 3.16431859674949 5759533.76994678
174.546476419772 40463.0572406685 2.9293068986779 5759534.01345243
175.347677070467 40463.0493623669 2.7113290399434 5759534.23930859
176.150506888277 40463.0420560514 2.50917692596841 5759534.44876702
176.954989696065 40463.0352810945 2.32172647827451 5759534.64299243
177.761149972429 40463.0289996978 2.14793189538329 5759534.82306841
178.569012878429 40463.0231766987 1.98682029934653 5759534.990003
179.378604285774 40463.01777939 1.83748674238591 5759535.14473387
180.189950806555 40463.0127773509 1.69908954978768 5759535.2881331
181.003079824631 40463.008142291 1.5708459767555 5759535.42101173
181.8180195288 40463.0038479031 1.45202815838193 5759535.54412394
182.634798947863 40462.9998697272 1.34195933326262 5759535.65817094
183.453447987723 40462.9961850231 1.24001032255283 5759535.76380466
184.273997470672 40462.9927726516 1.14559624745851 5759535.8616311
185.096479177031 40462.9896129641 1.05817346927051 5759535.95221357
185.920925889306 40462.9866876994 0.977236737093761 5759536.03607557
186.752142664183 40462.9839648727 0.901901088332854 5759536.11413404
187.60402470556 40462.9813920032 0.830714474494858 5759536.18789352
188.482638298126 40462.9789509477 0.763174912032 5759536.25787414
189.391489477735 40462.9766345057 0.6990831753177 5759536.32428232
190.333335977465 40462.9744390042 0.63833763683857 5759536.38722336
191.310842590805 40462.9723618882 0.580867606923977 5759536.44677051
192.326838304349 40462.9704009322 0.526611510473768 5759536.50298756
193.384438439287 40462.9685539805 0.475509704256973 5759536.55593632
194.487125609541 40462.9668188603 0.42750207051609 5759536.60567907
195.638824273536 40462.9651933505 0.382527158174868 5759536.65227949
196.843983329958 40462.9636751688 0.340521816502908 5759536.69580302
198.107674726824 40462.9622619634 0.301420976713682 5759536.73631706
199.43571473995 40462.9609513065 0.265157468218489 5759536.77389123
200.834815485993 40462.9597406876 0.231661830877757 5759536.80859748
202.312776514667 40462.9586275061 0.200862108186572 5759536.84051039
203.87872997072 40462.9576090626 0.172683613294518 5759536.86970733
205.543458302001 40462.9566825493 0.147048661209618 5759536.89626879
207.319811757821 40462.955845039 0.123876260011013 5759536.9202787
209.223265605573 40462.9550934718 0.103081752466496 5759536.94182478
211.272676917735 40462.9544246406 0.0845763973771508 5759536.96099896
213.491332959631 40462.9538351725 0.0682668772270242 5759536.97789795
215.908436866931 40462.9533215084 0.0540547151610505 5759536.99262378
218.56126916954 40462.9528798773 0.0418355797526439 5759537.00528454
221.498431650525 40462.9525062668 0.0314984502383104 5759537.01599528
224.784900148452 40462.9521963861 0.0229246077110419 5759537.02487901
228.510264195467 40462.9519456217 0.0159864090892362 5759537.03206797
232.802971352172 40462.9517489837 0.0105457902382858 5759537.03770523
237.856953060275 40462.9516010391 0.00645242889754981 5759537.04194653
243.987330622227 40462.9514958287 0.00354144649735996 5759537.04496273
250 40462.9514389352 0.00196730411748328 5759537.04659376
