0 5799500 500 0
0.01 5799499.61546217 499.884595535606 0.499942295550229
0.03 5799498.84665283 499.653866433381 1.49948073978679
0.07 5799497.31009885 499.192727363733 3.4971737856523
0.15 5799494.24124515 498.271724393203 7.48703046093861
0.31 5799488.12051812 496.434808181186 15.444673700947
0.63 5799475.94669366 492.781247385672 31.2720589566406
1.13733066070166 5799456.82961934 487.043838426808 56.1265422358319
1.83671534689756 5799430.84010434 479.243743826146 89.9161518308805
2.72703536930106 5799398.35679675 469.494488965055 132.148714284251
3.80490021927159 5799359.91415161 457.956345206076 182.129503188274
5.06657025196038 5799316.11476532 444.810029812132 239.075204870464
6.50888082118245 5799267.5828695 430.242756995461 302.174373507506
8.12962649858506 5799214.9412357 414.441313381284 370.617450922546
9.92768826976512 5799158.8000621 397.588728014388 443.611209885505
11.9030545434896 5799099.75156028 379.862651764948 520.38578795251
14.0568090954317 5799038.36710982 361.434506232628 600.198383949977
16.3911191180911 5798975.19551852 342.468963414016 682.335518062836
18.9092377365242 5798910.76174293 323.123562530125 766.114694535568
21.6155271878889 5798845.56580279 303.548384214003 850.885812992237
24.5155057773102 5798780.08179211 283.88575290611 936.032454984595
27.6159210062578 5798714.75696083 264.269959772452 1020.97307939323
30.9248516930241 5798650.01086912 244.827006833981 1105.16212404269
34.4159677540526 5798586.85756916 225.861456303172 1187.28097454099
37.9807058358838 5798527.41830822 208.010450808115 1264.57124097114
41.5789637898106 5798472.18377102 191.421512351184 1336.39471663174
45.196538179676 5798421.09310193 176.076518940541 1402.83037912563
48.8285854571072 5798373.91823582 161.907110319704 1464.1746538568
52.4735952289011 5798330.39166023 148.833056898441 1520.77528287278
56.1312423764134 5798290.2472447 136.774524369376 1572.97823092609
59.8016279874604 5798253.23250789 125.655760798811 1621.11173131054
63.4850123559568 5798219.11164498 115.406008538057 1665.48234647849
67.181721688272 5798187.66562273 105.959535047695 1706.37484222687
70.8921160785131 5798158.69138705 97.2553968782601 1744.05321606765
74.6165791274893 5798132.0008422 89.2371347108717 1778.76202308864
78.3555152599277 5798107.41981047 81.8524623415663 1810.72772718991
82.1093498423103 5798084.78703653 75.0529688197634 1840.15999464916
85.8785303907906 5798063.95325328 68.793838889595 1867.25290783148
89.6635282822266 5798044.78031137 63.0335924077455 1892.1860962181
93.4648407789767 5798027.14037009 57.7338420342246 1915.1257878779
97.2829933207864 5798010.91514575 52.8590681123008 1936.22578614024
101.118542090619 5797995.99521392 48.3764095913848 1955.62837648822
104.972076884235 5797982.27936159 44.2554698824302 1973.46516852846
108.844224326362 5797969.67398579 40.4681365989777 1989.85787761108
112.735651486969 5797958.09253542 36.9884142057241 2004.91905037007
116.647069962394 5797947.45499318 33.7922686635023 2018.75273815868
120.579240499236 5797937.6873947 30.8574832227819 2031.45512207658
124.532978255024 5797928.7213824 28.1635245768466 2043.11509302579
128.509158809663 5797920.49379137 25.6914186407242 2053.81478999182
132.508725066743 5797912.9462652 23.4236352729575 2063.63009952218
136.532695215535 5797906.02489952 21.3439813046475 2072.63111916772
140.582171964969 5797899.67991125 19.4375012840907 2080.88258745976
144.658353313002 5797893.86533179 17.6903853859634 2088.44428281851
148.762545182405 5797888.5387224 16.089883971562 2095.37139362418
152.896176342733 5797883.66091014 14.6242283211981 2101.71486153115
157.060816155886 5797879.19574294 13.282557091552 2107.52169996713
161.258195840406 5797875.10986228 12.0548480796309 2112.83528963374
165.490234164013 5797871.37249238 10.9318549008627 2117.69565271159
169.759068768977 5797867.95524441 9.90504821157992 2122.13970737449
174.067094747636 5797864.83193474 8.96656112527676 2126.20150413348
178.417012672019 5797861.97841604 8.10913848680808 2129.91244546721
182.811889131051 5797859.37242016 7.3260896778368 2133.30149015516
187.255234084424 5797856.99341164 6.61124462810282 2136.39534372411
191.751101241001 5797854.82245084 5.95891269664215 2139.2186364635
196.304220616315 5797852.84206535 5.36384405814463 2141.79409059005
200.920177132858 5797851.03612843 4.82119316989424 2144.14267840032
205.605656910799 5797849.38974247 4.32648378098099 2146.28377374237
210.368796276206 5797847.8891252 3.87557473205747 2148.23530006058
215.219692593538 5797846.52149458 3.46462538612316 2150.01388003309
220.171181813154 5797845.27494594 3.09005871947476 2151.63499533214
225.240080698465 5797844.13830915 2.748518388403 2153.11317245395
230.449297391617 5797843.10096029 2.43681216477437 2154.46222754082
235.831720334137 5797842.15252948 2.1518241378592 2155.69564637928
241.438237885697 5797841.28234796 1.89034857398726 2156.82730345779
247.357320322288 5797840.47811849 1.64869038926277 2157.87319111113
250 5797840.15311274 1.55103127904825 2158.29585597799
