0 5799500 500 0
0.01 5799498.99958626 500.50016370388 0.500250040172404
0.03 5799496.99575606 501.501992074781 1.50225186184843
0.07 5799492.97605683 503.511666677481 3.51227649584641
0.134521171996848 5799486.45819527 506.770310713232 6.77149402223575
0.225390436135579 5799477.20708838 511.395450877126 11.3974607464109
0.342888400344385 5799465.11974003 517.438573947407 17.4416860260223
0.486475308853907 5799450.15448664 524.920500871266 24.9250124938858
0.655241221940445 5799432.28815094 533.852808002319 33.8590410535114
0.848141361622387 5799411.49428095 544.248706592513 44.2570124558961
1.06410673457899 5799387.73334813 556.127943070179 56.1387087959814
1.30209140591356 5799360.94884996 569.51874734977 69.5324026878413
1.5610900475109 5799331.06605733 584.458458727096 84.4754839450451
1.84014240800505 5799297.99182032 600.993622567829 101.014557109504
2.13833247683643 5799261.61470708 619.179920406577 119.205372514495
2.45478581307191 5799221.80516189 639.082090323777 139.112747787846
2.78866651174853 5799178.41555663 660.77390057575 160.810542798124
3.139174380177 5799131.28009191 684.338198251802 184.381709842466
3.5055425033332 5799080.21453874 709.867037558264 209.918423702154
3.88703521374343 5799025.01582445 737.461885841484 237.522289707528
4.2829464196516 5798965.46147032 767.233903592731 267.304626089354
4.69259822790175 5798901.30888835 799.304294714267 299.386816935485
5.11533979887782 5798832.2945431 833.804724074945 333.900732826927
5.55054637847821 5798758.13298247 870.877800336965 370.989217187692
5.99761846147061 5798678.51573967 910.677622987846 410.806637343146
6.45598104960853 5798593.11010644 953.370393390902 453.519500169775
6.92508297585376 5798501.55777652 999.135090458061 499.307133019983
7.40439627275258 5798403.47335642 1048.16421225691 548.362431325182
7.89341556851811 5798298.44273956 1100.66458550387 600.892674933642
8.39165749881733 5798186.02133867 1156.85824548306 657.120415842221
8.8986601258026 5798065.73216997 1216.98338947946 717.284440547472
9.41398235872014 5797937.06378187 1281.29540733909 781.640810785111
9.93720337260181 5797799.46801976 1350.06799327778 850.463986958436
10.4679220232148 5797652.35761735 1423.59434356376 924.048039085338
11.0057562577071 5797495.10360416 1502.18844520546 1002.70795062916
11.5503425213134 5797327.03251758 1586.18646129046 1086.78102112704
12.1013351611578 5797147.42340675 1675.94821915289 1176.6283740986
12.6584058286402 5796955.50461459 1771.85880809657 1272.63657731261
13.2212428821893 5796750.4503229 1874.33029397918 1375.21938311708
13.789550792322 5796531.37684423 1983.80355856979 1484.81959720332
14.3630495510125 5796297.33864288 2100.75027223536 1601.911084884
14.9414740873609 5796047.32406608 2225.67500919504 1727.00092472405
15.5245736914814 5795780.25076451 2359.1175153093 1860.6317201787
16.1121114484235 5795494.96078008 2501.65513914859 2003.38408077004
16.7038636838028 5795190.2152768 2653.90543791927 2155.87928528098
17.2996194226698 5794864.68888881 2816.52897071766 2318.78214046989
17.8991798629865 5794516.96365754 2990.23229254257 2492.80404991877
18.5023578649167 5794145.52252764 3175.77116352765 2678.70630883214
19.1089774569845 5793748.74236912 3373.95398896646 2877.30364191325
19.7188733600003 5793324.88649023 3585.64550689871 3089.468002868
20.3318905295148 5792872.09660304 3811.77074131756 3316.13265563987
20.9478837174317 5792388.38420037 4053.31924045073 3558.29655917335
21.5667170532941 5791871.62129957 4311.34962107353 3817.02907935425
22.1882636456518 5791319.53050476 4586.99444143878 4093.4750538008
22.8124052038323 5790729.67433543 4881.46542716986 4388.8602373979
23.4390316803583 5790099.44376473 5196.05907636933 4704.49715890161
24.0680409341941 5789426.04590612 5532.16267226212 5041.79142161387
24.6993384149536 5788706.490782 5891.2607339334 5402.24848406927
25.3328368681679 5787937.57710193 6274.94193815422 5787.48095991569
25.9684560616882 5787115.87697232 6684.90654793109 6199.2164797448
26.6061225332892 5786237.71945213 7122.9743862912 6639.30616157882
27.2457693595403 5785299.17286197 7591.0933969434 7109.73374109015
27.8873359460286 5784296.02574566 8091.34883686672 7612.62541747654
28.5307678390417 5783223.76637411 8625.97314959701 8150.26047629361
29.1760165588586 5782077.56067142 9197.35657204675 8725.08275653111
29.8230394548472 5780852.22843198 9808.05853213517 9339.71303588697
30.4717995826313 5779542.21768499 10460.8198993716 9996.96241563783
31.1222656036644 5778141.5770493 11158.5761558677 10699.8467948305
31.7744117076387 5776643.92590604 11904.4715611115 11451.6025328514
32.4282175582638 5775042.42219981 12701.8743902767 12255.7034099123
33.0836682630676 5773329.72766028 13554.3933329345 13115.8790067843
33.7407543680132 5771497.97021471 14465.8951468643 14036.1346384207
34.399471877881 5769538.70333854 15440.5236703119 15020.7729911483
35.0598223035489 5767442.86206421 16482.7203056311 16074.4176301527
35.7218127375048 5765200.71533877 17597.246097884 17202.0385633475
36.3854559591643 5762801.81438642 18789.2055438089 18408.9800697652
37.0507705718307 5760234.93669445 20064.0722797671 19700.9910257852
37.7177811734428 5757488.02519663 21427.7168120287 21084.257991337
38.3865185636075 5754548.12217939 22886.4364692957 22565.4413513064
39.0570199898179 5751401.29737858 24446.9877759482 24151.7148454729
39.7293294362271 5748032.56967025 26116.6214654506 25850.8088643
40.4034979588864 5744425.82168408 27903.1203770524 27671.0579388683
41.0795840719913 5740563.70658171 29814.8405058113 29621.4529124727
41.757654190409 5736427.54614295 31860.7555065836 31711.6983504644
42.437783134628 5731997.21918662 34050.5049876375 33952.275825743
43.1200547052802 5727251.03921808 36394.4469697133 36354.5138122034
43.8045623355919 5722165.620037 38903.7149326628 38930.6650303382
44.4914098315367 5716715.72785298 41590.2799254009 41693.9922216113
45.1807122111659 5710874.11823713 44467.0182772596 44658.8634856058
45.8725966566253 5704611.35597646 47547.7855217303 47840.8585018084
46.5672035948154 5697895.61558758 50847.4972292511 51256.8871831647
47.2646879256164 5690692.45987308 54382.2175469502 54925.3225799614
47.9652204202046 5682964.59345507 58169.2563636314 58866.1501812961
48.6689893163955 5674671.58767611 62227.2761623061 63101.1361615769
49.3762021433774 5665769.57259454 66576.4097960026 67654.017609456
50.0870878149112 5656210.89098699 71238.3906329207 72550.7183800873
50.801899038447 5645943.70826643 76236.6967739719 77819.5949595986
51.5209150981003 5634911.57097374 81596.7113621855 83491.7176640735
52.2444450827038 5623052.90493519 87345.9013963732 89601.193668437
52.9728316470408 5610300.44220006 93514.0179536353 96185.5398463055
53.706455416068 5596580.56335351 100133.32134767 103286.115298813
54.4457401700371 5581812.53856147 107238.835544725 110948.625893802
55.1911589851916 5565907.64650112 114868.637185104 119223.716313769
55.9432415532838 5548768.14481819 123064.185897833 128167.669283976
56.7025829680621 5530286.05843934 131870.704366716 137843.237193946
57.4698543546255 5510341.74224964 141337.618977182 148320.638773179
58.2458158377621 5488802.16128454 151519.075094013 159678.763621446
59.0313325124329 5465518.81314276 162474.545462283 172006.641394952
59.8273943153405 5440325.19146021 174269.556454342 185405.252085442
60.635141035087 5413033.65237169 186976.565785334 199989.781842975
61.4558941939422 5383431.49218519 200676.038290386 215892.469524423
62.2911982750291 5351275.96467759 215457.785685492 233266.249636919
63.1428749028744 5316287.84491513 231422.665761012 252289.489323856
64.0130953689111 5278142.9564661 248684.7828352 273172.260698702
64.9044797858157 5236460.77237576 267374.40647662 296164.821147613
65.8202360125174 5190788.68817967 287641.951855633 321569.359964699
66.7643599920198 5140579.67380144 309663.586498429 349756.739700129
67.7419347524037 5085159.38262476 333649.435738511 381191.181636727
68.7595956853794 5023675.64368527 359856.154524026 416468.201790703
69.8262931086451 4955016.71428471 388607.30064117 456375.985074118
70.9546277282085 4877669.80545603 420328.767472876 502001.427071091
72.1634047760426 4789453.53277448 455616.380110788 554930.08711473
73.4831616104024 4686945.09263294 495382.4707378 617672.436629261
74.9706167323379 4563998.5233162 541241.557611031 694759.919072768
76.4293736822645 4436350.02015784 586625.251324045 777024.728518115
77.8172343190714 4309100.99898583 629476.305766597 861422.695247568
79.1497409323669 4182369.09890311 669638.727904924 947992.17319196
80.4537010025658 4054846.10985906 707362.483981703 1037791.40615923
81.7552790423646 3924972.86463719 742830.669132388 1132196.46623042
83.0799179492177 3791105.8895362 776062.15418553 1232831.95627827
84.4561037892046 3651295.97865995 806901.942869964 1341802.07847008
85.8718563037173 3507859.66268984 834116.470231513 1458023.86707864
87.285340895305 3366220.21562199 856229.642213597 1577550.14216441
88.692603689523 3227846.66177064 872873.723909513 1699279.61431985
90.1030321322163 3092779.85508541 883979.04601992 1823241.09889466
91.529769831411 2960689.42899902 889488.628631918 1949821.94236906
92.9869566794747 2831223.87468911 889285.095471717 2079491.02983917
94.489553012433 2704091.99092961 883181.397165166 2212726.61190522
96.0541423392034 2579056.33278779 870922.367204786 2350021.30000741
97.574012452713 2465039.06987029 853812.717786969 2481148.21234273
99.0370905623307 2362308.57288143 833094.657717307 2604596.76940126
100.459258553855 2269024.40691432 809539.339867446 2721436.25321823
101.859668809896 2183380.46710576 783603.881684957 2833015.65120927
103.255084557324 2103991.26178401 755582.275851201 2940426.46236479
104.659817133922 2029836.55143215 725682.546070859 3044480.90249698
106.086865614329 1960147.68320602 694058.756092983 3145793.56070099
107.549191506031 1894315.79144633 660820.780695389 3244863.42785828
109.061067092637 1831825.44453552 626031.725837771 3342142.82962671
110.639786834821 1772202.20374239 589694.319407743 3438103.47684986
112.308375609772 1714959.00891337 551720.108888423 3533320.8821982
114.100801407736 1659516.79856243 511861.20571377 3628621.99572379
116.074209454019 1605034.6180309 469539.078409246 3725426.30355985
118.346796984805 1549883.97292496 423292.151962152 3826823.87511288
120.802327648033 1498305.61151722 376721.454112126 3924972.93437065
123.35885738052 1452249.86736901 332238.623104615 4015511.50952637
125.702522289412 1415929.41473017 295109.517290994 4088961.06797883
127.777146625833 1387859.08528661 265111.393637092 4147029.52107629
129.6868336795 1364992.64961457 239799.652009529 4195207.69837589
131.561580109086 1344999.75972565 217002.71809923 4237997.52217512
133.36531707934 1327809.70310631 196890.018830283 4275300.27806341
135.101072336378 1312961.06984193 179125.979296781 4307912.95086129
136.780546335125 1300013.46620387 163333.757211649 4336652.77658447
138.415047650391 1288620.61385009 149200.113321193 4362179.27282871
140.013648249036 1278519.8323981 136479.910381326 4385000.25722057
141.583308013918 1269510.19745974 124981.163225412 4405508.63931484
143.129363323098 1261434.78832426 114550.665802546 4424014.54587319
144.655967735764 1254168.29143275 105063.439077136 4440768.26949011
146.166417905443 1247608.60921678 96415.458677693 4455975.93210552
147.663381693446 1241671.13379793 88518.6633860403 4469810.20281602
149.149056558712 1236284.75141366 81297.4671204605 4482417.78146587
150.625280786077 1231388.98104401 74686.2585232769 4493924.76043271
152.093613098954 1226931.87273266 68627.5600793365 4504440.56718799
153.55539086912 1222868.42804907 63070.6384456661 4514060.93350525
155.011773575417 1219159.38872551 57970.431583721 4522870.17969076
156.463775883313 1215770.29111896 53286.7039482529 4530943.00493278
157.912293268511 1212670.71670933 48983.3696518832 4538345.91363878
159.358122179232 1209833.68990233 45027.9419261269 4545138.36817154
160.801976126704 1207235.18836631 41391.079302593 4551373.73233109
162.244498691386 1204853.74061049 38046.2070902223 4557100.05229928
163.686274159827 1202670.09208682 34969.1983392122 4562360.70957396
165.127836318532 1200666.92574928 32138.1024292049 4567194.97182151
166.569675798443 1198828.62635286 29532.9122456027 4571638.46140153
168.012246268502 1197141.08022412 27135.3629658639 4575723.55681001
169.45596970765 1195591.5040523 24928.7569990982 4579479.73894859
170.901240933609 1194168.29761601 22897.8107627577 4582933.89162122
172.348431528785 1192860.91639906 21028.5198459948 4586110.56375494
173.797893274922 1191659.76084773 19308.0397742069 4589032.19937805
175.249961186349 1190556.0796417 17724.5801055045 4591719.34025278
176.704956214872 1189541.88483645 16267.3099946363 4594190.80516891
178.163187686503 1188609.87711905 14926.2736802822 4596463.84920066
179.624955520175 1187753.37972477 13692.3146074275 4598554.3056678
181.090552270894 1186966.27980715 12557.0071024358 4600476.71309041
182.560265033754 1186242.97625237 11512.5946854673 4602244.42906215
184.034377240735 1185578.33308971 10551.9342413741 4603869.73266891
185.513170378749 1184967.63778152 9668.44538248487 4605363.91683599
186.996925654959 1184406.56378461 8856.06442968484 4606737.37178569
188.485925633803 1183891.13686441 8109.20251567151 4607999.66061991
189.980455869252 1183417.70471754 7422.70737921141 4609159.58790324
191.480806555677 1182982.90952104 6791.82847395666 4610225.262005
192.987274221209 1182583.66307808 6212.18506176088 4611204.15186015
194.500163488727 1182217.1242744 5679.73699993426 4612103.13872566
196.019788931578 1181880.6785965 5190.75796568095 4612928.56343781
197.546477054041 1181571.91949462 4741.81089002417 4613686.26961535
199.080568430436 1181288.63139997 4329.72539861863 4614381.64320141
200.622420041916 1181028.77422914 3951.57707860878 4615019.64869224
202.17240785663 1180790.46922823 3604.66840963164 4615604.86236213
203.73092970755 1180571.98602619 3286.51121360949 4616141.50276019
205.298408533234 1180371.73078183 2994.81049248258 4616633.45872568
206.875296061053 1180188.23532159 2727.44953578457 4617084.31514262
208.462077030753 1180020.1471762 2482.47619120593 4617497.37663259
210.059274080176 1179866.22043426 2258.09020122044 4617875.68936451
211.667453446351 1179725.30733894 2052.63151763278 4618222.06114342
213.287231676795 1179596.35056148 1864.56951367271 4618539.07992484
214.9192836015 1179478.37609174 1692.49302011885 4618829.13088813
216.564351891537 1179370.48669134 1535.10111795877 4619094.41219069
218.223258633604 1179271.85585995 1391.19462532936 4619336.94951471
219.896919493902 1179181.72226939 1259.66822094215 4619558.60950966
221.586361248359 1179099.38462353 1139.5031498459 4619761.11222662
223.292743749412 1179024.19690454 1029.76046010437 4619946.04263535
225.017387830064 1178955.56396797 929.574720550777 4620114.86131147
226.761811292058 1178892.93744943 838.148169811595 4620268.91438075
228.527776119184 1178835.81194475 754.745244528853 4620409.44281071
230.317351630263 1178783.72142183 678.687428790772 4620537.59114938
232.133000858036 1178736.23581415 609.348354655208 4620654.41583118
233.977701803225 1178692.95773082 546.149060352522 4620760.89320882
235.855122944654 1178653.51918695 488.553268146647 4620857.9275449
237.769886816095 1178617.57819899 436.062455979077 4620946.35934502
239.727984132865 1178584.81496474 388.210314954052 4621026.9747203
241.737462520639 1178554.92707028 344.555779147543 4621100.51715057
243.80965986992 1178527.62248502 304.672818480945 4621167.7046965
245.961647132576 1178502.60719605 268.132395534888 4621229.26040841
248.221831947595 1178479.55787459 234.462551129143 4621285.97957428
250 1178463.47848828 210.973547997721 4621325.54796371
