Random symmetric matrix, A:
      2.49       4.33      0.286       6.55        9.5 
      4.33       3.54       2.48       2.83      0.934 
     0.286       2.48        3.2       6.15       1.61 
      6.55       2.83       6.15       7.04       3.82 
       9.5      0.934       1.61       3.82       7.98 

Number of sweeps: 5

Eigenvalue-decomposition, V^T*A*V (should be diagonal):
    -6.912      0.000      0.000      0.000      0.000 
     0.000     -0.659      0.000      0.000      0.000 
     0.000      0.000      2.562      0.000      0.000 
     0.000      0.000      0.000      7.441      0.000 
     0.000      0.000      0.000      0.000     21.818 

Eigenvalues:
     -6.91     -0.659       2.56       7.44       21.8 
