0 9.86940348135761 9.86960440108936
1 39.4752029671475 39.4784176043574
2 88.8101661715471 88.8264396098042
3 157.862241247849 157.91367041743
4 246.614559732661 246.740110027234
5 355.045440666591 355.305758439217
6 483.128395890554 483.610615653379
7 630.832136516571 631.654681669719
8 798.120580571133 799.437956488238
9 984.952861809528 986.960440108936
10 1191.28333969891 1194.22213253181
11 1417.0616105677 1421.22303375687
12 1662.2325199184 1667.9631437841
13 1926.73617590116 1934.44246261351
14 2210.50796394445 2220.66099024511
15 2513.4785625396 2526.61872667888
16 2835.57396017503 2852.31567191482
17 3176.71547341613 3197.75182595295
18 3536.81976612679 3562.92718879326
19 3915.79886982695 3947.84176043574
20 4313.56020518235 4352.49554088041
21 4730.00660462016 4776.88853012725
22 5165.03633606584 5221.02072817627
23 5618.5431277948 5684.89213502747
24 6090.41619439304 6168.50275068085
25 6580.54026382061 6671.8525751364
26 7088.79560557102 7194.94160839414
27 7615.0580599194 7737.76985045406
28 8159.19906825338 8300.33730131615
29 8721.08570447807 8882.64396098042



0 0
0.00497512437810945 0.022102995304257
0.00995024875621891 0.0442005909109664
0.0149253731343284 0.0662873894619929
0.0199004975124378 0.0883579949993664
0.0248756218905473 0.110407015380295
0.0298507462686567 0.132429064763458
0.0348258706467662 0.154418763762341
0.0398009950248756 0.176370740830945
0.0447761194029851 0.198279632983044
0.0497512437810945 0.220140087610879
0.054726368159204 0.241946765201744
0.0597014925373134 0.263694338852913
0.0646766169154229 0.285377495205365
0.0696517412935323 0.306990938010761
0.0746268656716418 0.32852938766555
0.0796019900497512 0.349987581690558
0.0845771144278607 0.371360278160786
0.0895522388059701 0.39264225663647
0.0945273631840796 0.413828318445524
0.0995024875621891 0.434913288070365
0.104477611940299 0.455892013795574
0.109452736318408 0.476759371176914
0.114427860696517 0.497510263300701
0.119402985074627 0.518139620584711
0.124378109452736 0.538642403386712
0.129353233830846 0.559013603819311
0.134328358208955 0.579248244592907
0.139303482587065 0.599341382601786
0.144278606965174 0.619288110038877
0.149253731343284 0.639083554489926
0.154228855721393 0.658722879678694
0.159203980099502 0.678201287694704
0.164179104477612 0.697514020031051
0.169154228855721 0.716656360009409
0.174129353233831 0.735623630856465
0.17910447761194 0.754411198753065
0.18407960199005 0.773014474584737
0.189054726368159 0.791428913985167
0.194029850746269 0.809650017582394
0.199004975124378 0.827673335066215
0.203980099502488 0.845494463759994
0.208955223880597 0.863109050215482
0.213930348258706 0.880512790755565
0.218905472636816 0.897701433839497
0.223880597014925 0.914670780926111
0.228855721393035 0.931416687330666
0.233830845771144 0.94793506116079
0.238805970149254 0.964221867702648
0.243781094527363 0.980273128294269
0.248756218905473 0.996084921407587
0.253731343283582 1.0116533845491
0.258706467661692 1.02697471560663
0.263681592039801 1.0420451709674
0.26865671641791 1.05686106894295
0.27363184079602 1.07141878992641
0.278606965174129 1.08571477835786
0.283582089552239 1.09974554224132
0.288557213930348 1.11350765350733
0.293532338308458 1.12699774979374
0.298507462686567 1.14021253666604
0.303482587064677 1.15314878516595
0.308457711442786 1.16580333509543
0.313432835820896 1.17817309581165
0.318407960199005 1.19025504568315
0.323383084577114 1.20204623236951
0.328358208955224 1.21354377559959
0.333333333333333 1.22474486665057
0.338308457711443 1.23564677021561
0.343283582089552 1.2462468225835
0.348258706467662 1.25654243378039
0.353233830845771 1.26653108897974
0.358208955223881 1.27621034849602
0.36318407960199 1.28557784701705
0.368159203980099 1.2946312972581
0.373134328358209 1.30336848736257
0.378109452736318 1.31178728237245
0.383084577114428 1.31988562543542
0.388059701492537 1.32766153896834
0.393034825870647 1.33511312343611
0.398009950248756 1.34223855881183
0.402985074626866 1.34903610325533
0.407960199004975 1.35550409687964
0.412935323383085 1.36164095996058
0.417910447761194 1.36744519298559
0.422885572139304 1.37291537780134
0.427860696517413 1.37805017926962
0.432835820895522 1.38284834190575
0.437810945273632 1.3873086936031
0.442786069651741 1.3914301447619
0.447761194029851 1.39521168937059
0.45273631840796 1.39865240345597
0.45771144278607 1.40175144615224
0.462686567164179 1.40450805966951
0.467661691542289 1.40692157184307
0.472636815920398 1.40899139251903
0.477611940298507 1.41071701614809
0.482587064676617 1.41209802145959
0.487562189054726 1.41313407105925
0.492537313432836 1.41382491083114
0.497512437810945 1.41417037296055
0.502487562189055 1.41417037314801
0.507462686567164 1.41382491162891
0.512437810945274 1.4131340720018
0.517412935323383 1.41209802289928
0.522388059701492 1.41071701787917
0.527363184079602 1.40899139484247
0.532338308457711 1.40692157424468
0.537313432835821 1.40450806249744
0.54228855721393 1.40175144917666
0.54726368159204 1.39865240703551
0.552238805970149 1.39521169302499
0.557213930348259 1.39143014865711
0.562189054726368 1.38730869747036
0.567164179104478 1.38284834621495
0.572139303482587 1.37805018366089
0.577114427860697 1.37291538245209
0.582089552238806 1.36744519750229
0.587064676616915 1.36164096487158
0.592039800995025 1.35550410196081
0.597014925373134 1.34903610869026
0.601990049751244 1.34223856419341
0.606965174129353 1.33511312921383
0.611940298507463 1.32766154494457
0.616915422885572 1.3198856318814
0.621890547263682 1.3117872887033
0.626865671641791 1.30336849383094
0.631840796019901 1.29463130375967
0.63681592039801 1.28557785392412
0.641791044776119 1.27621035530095
0.646766169154229 1.26653109583214
0.651741293532338 1.25654244051327
0.656716417910448 1.24624682964119
0.661691542288557 1.2356467772337
0.666666666666667 1.22474487371995
0.671641791044776 1.21354378237336
0.676616915422886 1.20204623937301
0.681592039800995 1.19025505270919
0.686567164179104 1.17817310302849
0.691542288557214 1.16580334214226
0.696517412935323 1.15314879251092
0.701492537313433 1.14021254422516
0.706467661691542 1.12699775779023
0.711442786069652 1.11350766147704
0.716417910447761 1.09974555048618
0.721393034825871 1.08571478677566
0.72636815920398 1.07141879876457
0.73134328358209 1.05686107782797
0.736318407960199 1.04204518007399
0.741293532338308 1.02697472471428
0.746268656716418 1.01165339393418
0.751243781094527 0.996084930765117
0.756218905472637 0.98027313777213
0.761194029850746 0.964221876959998
0.766169154228856 0.947935070657159
0.771144278606965 0.93141669694187
0.776119402985075 0.914670790738517
0.781094527363184 0.897701443449338
0.786069651741294 0.88051280057108
0.791044776119403 0.863109060168701
0.796019900497512 0.845494473882506
0.800995024875622 0.827673344936751
0.805970149253731 0.809650027500383
0.810945273631841 0.791428923916144
0.81592039800995 0.773014484551651
0.82089552238806 0.754411208347013
0.825870646766169 0.73562364030655
0.830845771144279 0.716656369256402
0.835820895522388 0.697514029274354
0.840796019900497 0.678201296597711
0.845771144278607 0.658722888219276
0.850746268656716 0.639083562485898
0.855721393034826 0.619288117847649
0.860696517412935 0.599341390119533
0.865671641791045 0.579248251714701
0.870646766169154 0.559013610300613
0.875621890547264 0.538642409454385
0.880597014925373 0.518139626157635
0.885572139303483 0.497510268472804
0.890547263681592 0.476759375812978
0.895522388059702 0.455892018086713
0.900497512437811 0.434913291973862
0.90547263681592 0.413828322119547
0.91044776119403 0.39264225983363
0.915422885572139 0.371360280958157
0.920398009950249 0.349987584105462
0.925373134328358 0.328529389939717
0.930348258706468 0.306990940107803
0.935323383084577 0.285377497105294
0.940298507462687 0.263694340470658
0.945273631840796 0.241946766747606
0.950248756218905 0.220140089099028
0.955223880597015 0.198279634368954
0.960199004975124 0.176370741978849
0.965174129353234 0.154418764812498
0.970149253731343 0.132429065739058
0.975124378109453 0.110407016285409
0.980099502487562 0.0883579956541107
0.985074626865672 0.0662873898833402
0.990049751243781 0.044200591267004
0.995024875621891 0.0221029955447135
1 0

0 0
0.00497512437810945 0.0442005908831376
0.00995024875621891 0.0883579954325903
0.0149253731343284 0.132429064757686
0.0199004975124378 0.176370740385511
0.0248756218905473 0.220140087072983
0.0298507462686567 0.263694339179304
0.0348258706467662 0.306990937853864
0.0398009950248756 0.349987581092089
0.0447761194029851 0.392642256839696
0.0497512437810945 0.434913287678821
0.054726368159204 0.476759371201427
0.0597014925373134 0.518139621377852
0.0646766169154229 0.559013604382429
0.0696517412935323 0.599341382952563
0.0746268656716418 0.639083555102275
0.0796019900497512 0.678201288855217
0.0845771144278607 0.716656361666422
0.0895522388059701 0.754411200298248
0.0945273631840796 0.791428916604809
0.0995024875621891 0.827673337082049
0.104477611940299 0.863109052826777
0.109452736318408 0.897701437624904
0.114427860696517 0.931416691264605
0.119402985074627 0.964221872005867
0.124378109452736 0.996084926503349
0.129353233830846 1.02697472074301
0.134328358208955 1.05686107433707
0.139303482587065 1.08571478604427
0.144278606965174 1.11350766003308
0.149253731343284 1.14021254412119
0.154228855721393 1.16580334364391
0.159203980099502 1.19025505380037
0.164179104477612 1.21354378449093
0.169154228855721 1.23564678111543
0.174129353233831 1.25654244342098
0.17910447761194 1.27621035867189
0.18407960199005 1.29463130855209
0.189054726368159 1.31178729315242
0.194029850746269 1.32766155056552
0.199004975124378 1.34223857054005
0.203980099502488 1.3555041090301
0.208955223880597 1.36744520405873
0.213930348258706 1.37805019129154
0.218905472636816 1.38730870570135
0.223880597014925 1.3952117017194
0.228855721393035 1.40175145716346
0.233830845771144 1.40692158365623
0.238805970149254 1.41071702712131
0.243781094527363 1.41313408133976
0.248756218905473 1.41417038432653
0.253731343283582 1.41382492169627
0.258706467661692 1.41209803218561
0.263681592039801 1.40899140383631
0.26865671641791 1.40450807146752
0.27363184079602 1.39865241494608
0.278606965174129 1.39143015778845
0.283582089552239 1.38284835334627
0.288557213930348 1.37291539006056
0.293532338308458 1.36164097185623
0.298507462686567 1.34903611484926
0.303482587064677 1.33511313540391
0.308457711442786 1.31988563749033
0.313432835820896 1.30336849771466
0.318407960199005 1.28557785770228
0.323383084577114 1.26653110002652
0.328358208955224 1.24624683204036
0.333333333333333 1.2247448765624
0.338308457711443 1.20204624156479
0.343283582089552 1.17817310419559
0.348258706467662 1.15314879200277
0.353233830845771 1.12699775816762
0.358208955223881 1.0997455490166
0.36318407960199 1.07141879590781
0.368159203980099 1.04204517666626
0.373134328358209 1.01165339012409
0.378109452736318 0.980273132244719
0.383084577114428 0.947935065545148
0.388059701492537 0.914670785749413
0.393034825870647 0.880512792951015
0.398009950248756 0.845494466620995
0.402985074626866 0.8096500201336
0.407960199004975 0.773014476547278
0.412935323383085 0.735623632226128
0.417910447761194 0.697514022242903
0.422885572139304 0.658722879876067
0.427860696517413 0.61928811072543
0.432835820895522 0.579248245264245
0.437810945273632 0.538642404094033
0.442786069651741 0.497510263528722
0.447761194029851 0.455892014218346
0.45273631840796 0.41382831846379
0.45771144278607 0.371360277655124
0.462686567164179 0.328529388538092
0.467661691542289 0.28537749528433
0.472636815920398 0.241946765317433
0.477611940298507 0.198279633336351
0.482587064676617 0.154418764421018
0.487562189054726 0.110407015207552
0.492537313432836 0.0662873911579377
0.497512437810945 0.0221029962647607
0.502487562189055 -0.0221029954318819
0.507462686567164 -0.0662873881647385
0.512437810945274 -0.110407014279712
0.517412935323383 -0.154418763205543
0.522388059701492 -0.198279631027073
0.527363184079602 -0.241946763290664
0.532338308457711 -0.285377494561347
0.537313432835821 -0.328529385556969
0.54228855721393 -0.371360276166187
0.54726368159204 -0.413828316488228
0.552238805970149 -0.455892012041798
0.557213930348259 -0.497510261519696
0.562189054726368 -0.538642401893633
0.567164179104478 -0.579248242903218
0.572139303482587 -0.619288108446041
0.577114427860697 -0.658722877441151
0.582089552238806 -0.697514018969157
0.587064676616915 -0.735623630183641
0.592039800995025 -0.773014472987106
0.597014925373134 -0.809650016897994
0.601990049751244 -0.845494462983183
0.606965174129353 -0.880512789742621
0.611940298507463 -0.914670780877148
0.616915422885572 -0.947935061426744
0.621890547263682 -0.980273128096839
0.626865671641791 -1.01165338495595
0.631840796019901 -1.04204517140989
0.63681592039801 -1.07141879095623
0.641791044776119 -1.09974554387067
0.646766169154229 -1.12699775113811
0.651741293532338 -1.15314878697468
0.656716417910448 -1.17817309781734
0.661691542288557 -1.20204623431342
0.666666666666667 -1.22474486979493
0.671641791044776 -1.24624682571573
0.676616915422886 -1.26653109149943
0.681592039800995 -1.28557785037664
0.686567164179104 -1.30336849003761
0.691542288557214 -1.31988562848046
0.696517412935323 -1.33511312689594
0.701492537313433 -1.34903610563534
0.706467661691542 -1.36164096227205
0.711442786069652 -1.37291537989498
0.716417910447761 -1.38284834352256
0.721393034825871 -1.39143014624422
0.72636815920398 -1.39865240492979
0.73134328358209 -1.4045080594987
0.736318407960199 -1.40899139194368
0.741293532338308 -1.41209802090101
0.746268656716418 -1.41382490922088
0.751243781094527 -1.4141703713932
0.756218905472637 -1.41313406922042
0.761194029850746 -1.41071701440126
0.766169154228856 -1.40692156972878
0.771144278606965 -1.40175144459159
0.776119402985075 -1.39521168814764
0.781094527363184 -1.38730869189157
0.786069651741294 -1.37805017707089
0.791044776119403 -1.36744519103188
0.796019900497512 -1.3555040942498
0.800995024875622 -1.34223855638213
0.805970149253731 -1.32766153654461
0.810945273631841 -1.3117872791093
0.81592039800995 -1.29463129384447
0.82089552238806 -1.27621034443602
0.825870646766169 -1.2565424302463
0.830845771144279 -1.23564676600611
0.835820895522388 -1.21354377122807
0.840796019900497 -1.19025504032435
0.845771144278607 -1.16580333005698
0.850746268656716 -1.14021253084513
0.855721393034826 -1.11350764784786
0.860696517412935 -1.08571477292802
0.865671641791045 -1.05686106264009
0.870646766169154 -1.02697470894127
0.875621890547264 -0.996084915006994
0.880597014925373 -0.964221861775622
0.885572139303483 -0.931416680771683
0.890547263681592 -0.897701427471982
0.895522388059702 -0.86310904383371
0.900497512437811 -0.827673328552306
0.90547263681592 -0.79142890660563
0.91044776119403 -0.754411193828012
0.915422885572139 -0.716656353553478
0.920398009950249 -0.678201280897171
0.925373134328358 -0.639083549147673
0.930348258706468 -0.599341376937379
0.935323383084577 -0.559013597589501
0.940298507462687 -0.518139616356141
0.945273631840796 -0.476759366868639
0.950248756218905 -0.434913282224793
0.955223880597015 -0.392642253221537
0.960199004975124 -0.349987577730878
0.965174129353234 -0.306990934631818
0.970149253731343 -0.263694336101365
0.975124378109453 -0.22014008560163
0.980099502487562 -0.176370738078822
0.985074626865672 -0.132429063832782
0.990049751243781 -0.0883579941731164
0.995024875621891 -0.044200590737502
1 0

0 0
0.00497512437810945 0.0662873896575625
0.00995024875621891 0.132429065352577
0.0149253731343284 0.198279633091062
0.0199004975124378 0.263694339400085
0.0248756218905473 0.328529387910655
0.0298507462686567 0.392642257794184
0.0348258706467662 0.455892014650537
0.0398009950248756 0.518139621633223
0.0447761194029851 0.579248246182002
0.0497512437810945 0.639083555809326
0.054726368159204 0.697514022594731
0.0597014925373134 0.754411201004582
0.0646766169154229 0.809650020985384
0.0696517412935323 0.863109053177956
0.0746268656716418 0.914670785757333
0.0796019900497512 0.964221872211926
0.0845771144278607 1.0116533902624
0.0895522388059701 1.0568610752015
0.0945273631840796 1.09974554864117
0.0995024875621891 1.14021254441776
0.104477611940299 1.17817310371376
0.109452736318408 1.21354378473822
0.114427860696517 1.24624683089844
0.119402985074627 1.27621035840947
0.124378109452736 1.30336849634426
0.129353233830846 1.3276615490774
0.134328358208955 1.34903611271338
0.139303482587065 1.36744520214102
0.144278606965174 1.38284835114645
0.149253731343284 1.39521169772064
0.154228855721393 1.40450806831355
0.159203980099502 1.41071702284468
0.164179104477612 1.41382491777062
0.169154228855721 1.41382491609143
0.174129353233831 1.41071702284848
0.17910447761194 1.40450806507204
0.18407960199005 1.39521169569562
0.189054726368159 1.38284834719008
0.194029850746269 1.36744519770326
0.199004975124378 1.34903610782686
0.203980099502488 1.32766154259162
0.208955223880597 1.30336849029594
0.213930348258706 1.27621034995965
0.218905472636816 1.24624682373423
0.223880597014925 1.21354377470384
0.228855721393035 1.17817309487737
0.233830845771144 1.14021253368381
0.238805970149254 1.09974553817641
0.243781094527363 1.05686106361411
0.248756218905473 1.01165337851317
0.253731343283582 0.964221860244362
0.258706467661692 0.914670772560375
0.263681592039801 0.863109040575903
0.26865671641791 0.809650006778177
0.27363184079602 0.75441118738152
0.278606965174129 0.697514007840158
0.283582089552239 0.639083541471952
0.288557213930348 0.579248230648785
0.293532338308458 0.518139606449737
0.298507462686567 0.455891999068323
0.303482587064677 0.392642242140778
0.308457711442786 0.328529372073957
0.313432835820896 0.263694323841308
0.318407960199005 0.19827961719979
0.323383084577114 0.132429050048053
0.328358208955224 0.0662873740901825
0.333333333333333 -1.49294709240411E-08
0.338308457711443 -0.0662874051359517
0.343283582089552 -0.132429079735192
0.348258706467662 -0.198279647915353
0.353233830845771 -0.263694353634541
0.358208955223881 -0.32852940172219
0.36318407960199 -0.392642271864429
0.368159203980099 -0.455892027849856
0.373134328358209 -0.518139635511376
0.378109452736318 -0.579248258349202
0.383084577114428 -0.639083569650114
0.388059701492537 -0.697514034363832
0.393034825870647 -0.754411214012668
0.398009950248756 -0.809650032417319
0.402985074626866 -0.863109065114541
0.407960199004975 -0.914670796866528
0.412935323383085 -0.964221882899367
0.417910447761194 -1.01165340135781
0.422885572139304 -1.0568610841574
0.427860696517413 -1.0997455593558
0.432835820895522 -1.14021255233589
0.437810945273632 -1.17817311361589
0.442786069651741 -1.21354379183766
0.447761194029851 -1.24624684009002
0.45273631840796 -1.27621036525171
0.45771144278607 -1.30336850429977
0.462686567164179 -1.32766155625759
0.467661691542289 -1.34903611940118
0.472636815920398 -1.36744520932981
0.477611940298507 -1.38284835676433
0.482587064676617 -1.3952117047509
0.487562189054726 -1.4045080728683
0.492537313432836 -1.41071702963849
0.497512437810945 -1.41382492203334
0.502487562189055 -1.41382492197637
0.507462686567164 -1.4107170273036
0.512437810945274 -1.40450807030568
0.517412935323383 -1.39521170015585
0.522388059701492 -1.38284835146605
0.527363184079602 -1.36744520244903
0.532338308457711 -1.3490361112287
0.537313432835821 -1.32766154722666
0.54228855721393 -1.30336849345709
0.54726368159204 -1.2762103540471
0.552238805970149 -1.24624682647915
0.557213930348259 -1.21354377829439
0.562189054726368 -1.17817309737078
0.567164179104478 -1.14021253643132
0.572139303482587 -1.09974554077822
0.577114427860697 -1.0568610659661
0.582089552238806 -1.01165338081465
0.587064676616915 -0.964221862556703
0.592039800995025 -0.914670774891239
0.597014925373134 -0.863109042962902
0.601990049751244 -0.809650009419181
0.606965174129353 -0.754411190507575
0.611940298507463 -0.697514010807276
0.616915422885572 -0.63908354514664
0.621890547263682 -0.579248234267356
0.626865671641791 -0.518139610044005
0.631840796019901 -0.455892003246177
0.63681592039801 -0.392642246010249
0.641791044776119 -0.328529376780424
0.646766169154229 -0.263694327617167
0.651741293532338 -0.198279622679527
0.656716417910448 -0.13242905407728
0.661691542288557 -0.0662873799102279
0.666666666666667 1.0065645982495E-08
0.671641791044776 0.0662873992375774
0.676616915422886 0.132429074157175
0.681592039800995 0.198279641706042
0.686567164179104 0.263694346557649
0.691542288557214 0.328529395372462
0.696517412935323 0.392642263048994
0.701492537313433 0.455892020370374
0.706467661691542 0.518139625087189
0.711442786069652 0.579248249464961
0.716417910447761 0.639083557788082
0.721393034825871 0.697514023813432
0.72636815920398 0.754411201309327
0.73134328358209 0.809650019740634
0.736318407960199 0.863109051955639
0.741293532338308 0.914670782412336
0.746268656716418 0.964221869330566
0.751243781094527 1.01165338559266
0.756218905472637 1.05686107022968
0.761194029850746 1.09974554251178
0.766169154228856 1.14021253786273
0.771144278606965 1.17817309644489
0.776119402985075 1.21354377590912
0.781094527363184 1.24624682267161
0.786069651741294 1.27621034829842
0.791044776119403 1.3033684866872
0.796019900497512 1.32766153798121
0.800995024875622 1.34903610213218
0.805970149253731 1.36744519047831
0.810945273631841 1.38284833945734
0.81592039800995 1.39521168620849
0.82089552238806 1.40450805601303
0.825870646766169 1.41071701166498
0.830845771144279 1.41382490556419
0.835820895522388 1.41382490522579
0.840796019900497 1.41071701126782
0.845771144278607 1.40450805514349
0.850746268656716 1.39521168554049
0.855721393034826 1.38284833794285
0.860696517412935 1.36744518938816
0.865671641791045 1.34903609968167
0.870646766169154 1.32766153623021
0.875621890547264 1.30336848412862
0.880597014925373 1.2762103460475
0.885572139303483 1.24624681975262
0.890547263681592 1.21354377280652
0.895522388059702 1.17817309326388
0.900497512437811 1.14021253321196
0.90547263681592 1.09974553910586
0.91044776119403 1.05686106495539
0.915422885572139 1.01165338153123
0.920398009950249 0.964221863258846
0.925373134328358 0.914670777907151
0.930348258706468 0.863109045349458
0.935323383084577 0.809650013460239
0.940298507462687 0.754411194303765
0.945273631840796 0.697514015839817
0.950248756218905 0.639083550329771
0.955223880597015 0.579248239978777
0.960199004975124 0.518139617148133
0.965174129353234 0.455892009452936
0.970149253731343 0.392642254569996
0.975124378109453 0.328529383897012
0.980099502487562 0.263694337125028
0.985074626865672 0.198279630589159
0.990049751243781 0.132429064282401
0.995024875621891 0.0662873888432436
1 0

0 0
0.00497512437810945 0.0883579943843406
0.00995024875621891 0.176370738880369
0.0149253731343284 0.263694336875442
0.0199004975124378 0.349987578572612
0.0248756218905473 0.434913283608463
0.0298507462686567 0.518139616452729
0.0348258706467662 0.59934137927808
0.0398009950248756 0.678201283123283
0.0447761194029851 0.75441119460768
0.0497512437810945 0.827673331222778
0.054726368159204 0.897701429569933
0.0597014925373134 0.964221864806701
0.0646766169154229 1.02697471434377
0.0696517412935323 1.08571477575881
0.0746268656716418 1.14021253496813
0.0796019900497512 1.19025504395811
0.0845771144278607 1.23564677063158
0.0895522388059701 1.27621034863036
0.0945273631840796 1.31178728312417
0.0995024875621891 1.342238557335
0.104477611940299 1.36744519301466
0.109452736318408 1.38730869423739
0.114427860696517 1.40175144492286
0.119402985074627 1.41071701596971
0.124378109452736 1.41417037019194
0.129353233830846 1.41209801997263
0.134328358208955 1.40450805816739
0.139303482587065 1.39143014583074
0.144278606965174 1.37291537627521
0.149253731343284 1.34903610256433
0.154228855721393 1.31988562437986
0.159203980099502 1.28557784507099
0.164179104477612 1.24624682083655
0.169154228855721 1.20204622840968
0.174129353233831 1.15314878137926
0.17910447761194 1.09974553717698
0.18407960199005 1.0420451661933
0.189054726368159 0.980273120345301
0.194029850746269 0.914670774596215
0.199004975124378 0.845494456738608
0.203980099502488 0.773014466328505
0.208955223880597 0.697514012781866
0.213930348258706 0.619288101013705
0.218905472636816 0.538642394973441
0.223880597014925 0.455892005474599
0.228855721393035 0.3713602718006
0.233830845771144 0.285377487092904
0.238805970149254 0.198279625826416
0.243781094527363 0.110407008649293
0.248756218905473 0.0221029893955325
0.253731343283582 -0.0662873933836501
0.258706467661692 -0.154418768819187
0.263681592039801 -0.241946769953229
0.26865671641791 -0.328529390986941
0.27363184079602 -0.413828320869039
0.278606965174129 -0.497510265613301
0.283582089552239 -0.579248246045291
0.288557213930348 -0.658722881294375
0.293532338308458 -0.735623633878895
0.298507462686567 -0.809650018303005
0.303482587064677 -0.880512792797868
0.308457711442786 -0.947935063355937
0.313432835820896 -1.01165338829312
0.318407960199005 -1.07141879290884
0.323383084577114 -1.12699775421611
0.328358208955224 -1.17817309952391
0.333333333333333 -1.22474487185117
0.338308457711443 -1.26653109434273
0.343283582089552 -1.3033684914391
0.348258706467662 -1.33511312862273
0.353233830845771 -1.36164096495031
0.358208955223881 -1.38284834592772
0.36318407960199 -1.39865240640975
0.368159203980099 -1.40899139532453
0.373134328358209 -1.41382491116405
0.378109452736318 -1.41313407259542
0.383084577114428 -1.40692157338456
0.388059701492537 -1.39521169045381
0.393034825870647 -1.3780501789753
0.398009950248756 -1.35550409787001
0.402985074626866 -1.32766153872753
0.407960199004975 -1.29463129720752
0.412935323383085 -1.25654243158346
0.417910447761194 -1.21354377096301
0.422885572139304 -1.1658033310569
0.427860696517413 -1.11350764811085
0.432835820895522 -1.05686106233688
0.437810945273632 -0.996084912718277
0.442786069651741 -0.931416678459561
0.447761194029851 -0.863109038692285
0.45273631840796 -0.791428903703945
0.45771144278607 -0.716656348818692
0.462686567164179 -0.639083541581215
0.467661691542289 -0.559013590650006
0.472636815920398 -0.476759358436071
0.477611940298507 -0.392642244109211
0.482587064676617 -0.306990925220228
0.487562189054726 -0.220140075468444
0.492537313432836 -0.132429051610581
0.497512437810945 -0.0442005796133656
0.502487562189055 0.0442006028676653
0.507462686567164 0.132429077394995
0.512437810945274 0.220140098332172
0.517412935323383 0.306990948998297
0.522388059701492 0.392642267052819
0.527363184079602 0.476759381869253
0.532338308457711 0.559013613093703
0.537313432835821 0.639083565283147
0.54228855721393 0.716656368764183
0.54726368159204 0.79142892259422
0.552238805970149 0.863109060350169
0.557213930348259 0.931416696789116
0.562189054726368 0.996084931647246
0.567164179104478 1.05686107776402
0.572139303482587 1.11350766293075
0.577114427860697 1.16580334504821
0.582089552238806 1.21354378739094
0.587064676616915 1.25654244374244
0.592039800995025 1.2946313070756
0.597014925373134 1.32766154948639
0.601990049751244 1.35550410594315
0.606965174129353 1.37805018977611
0.611940298507463 1.39521169806189
0.616915422885572 1.40692157949016
0.621890547263682 1.41313407538203
0.626865671641791 1.41382491747102
0.631840796019901 1.40899139715944
0.63681592039801 1.39865240900476
0.641791044776119 1.38284834600476
0.646766169154229 1.36164096326492
0.651741293532338 1.33511312668474
0.656716417910448 1.30336848948392
0.661691542288557 1.26653108956085
0.666666666666667 1.224744865938
0.671641791044776 1.17817309474661
0.676616915422886 1.12699774553579
0.681592039800995 1.07141878528439
0.686567164179104 1.01165337864614
0.691542288557214 0.947935053695894
0.696517412935323 0.880512782601818
0.701492537313433 0.809650009617875
0.706467661691542 0.735623620686786
0.711442786069652 0.658722869402144
0.716417910447761 0.579248235053441
0.721393034825871 0.49751025389229
0.72636815920398 0.413828309413777
0.73134328358209 0.32852937781281
0.736318407960199 0.241946755289126
0.741293532338308 0.154418755788407
0.746268656716418 0.0662873822990704
0.751243781094527 -0.022103003423894
0.756218905472637 -0.11040702339982
0.761194029850746 -0.198279640222857
0.766169154228856 -0.285377502837386
0.771144278606965 -0.371360283721121
0.776119402985075 -0.455892019313409
0.781094527363184 -0.538642410276057
0.786069651741294 -0.619288116790315
0.791044776119403 -0.697514025687104
0.796019900497512 -0.773014480700277
0.800995024875622 -0.845494470183182
0.805970149253731 -0.914670788034369
0.810945273631841 -0.980273136701246
0.81592039800995 -1.04204517838351
0.82089552238806 -1.09974555152089
0.825870646766169 -1.1531487951535
0.830845771144279 -1.20204624345068
0.835820895522388 -1.24624683357608
0.840796019900497 -1.28557786066243
0.845771144278607 -1.31988563845855
0.850746268656716 -1.34903611709309
0.855721393034826 -1.37291539317195
0.860696517412935 -1.39143015840026
0.865671641791045 -1.40450807401412
0.870646766169154 -1.41209803574978
0.875621890547264 -1.41417038802656
0.880597014925373 -1.41071703067445
0.885572139303483 -1.40175146223598
0.890547263681592 -1.38730870895629
0.895522388059702 -1.36744521014174
0.900497512437811 -1.34223857625087
0.90547263681592 -1.31178729781637
0.91044776119403 -1.27621036372082
0.915422885572139 -1.23564678489591
0.920398009950249 -1.19025506025885
0.925373134328358 -1.14021254935637
0.930348258706468 -1.08571479151434
0.935323383084577 -1.02697472437045
0.940298507462687 -0.964221876846168
0.945273631840796 -0.897701442200909
0.950248756218905 -0.827673342628529
0.955223880597015 -0.75441120413891
0.960199004975124 -0.678201292009548
0.965174129353234 -0.599341385899721
0.970149253731343 -0.518139623758479
0.975124378109453 -0.434913291084431
0.980099502487562 -0.349987582396688
0.985074626865672 -0.26369433995555
0.990049751243781 -0.176370741999458
0.995024875621891 -0.0883579950368713
1 0

