0 0 1
0.0771001553598486 0.0770245558415652 0.99702920051438
0.152738503966108 0.152146793320427 0.988357916114611
0.229170356865281 0.227171825360862 0.973854705466242
0.306745906225807 0.301960918159145 0.953320323163361
0.385842373756906 0.376343274770196 0.926480320338505
0.466902366453183 0.450126594231417 0.892964783405539
0.55046506818548 0.523088525627826 0.852278394534228
0.637213814979031 0.59496381546273 0.803752536476919
0.728053816282404 0.665424156187876 0.746465532365844
0.824080037672496 0.733929728297407 0.679225495589862
0.919732959813834 0.795446517274624 0.606023909631137
1.01124516838436 0.847500012164616 0.530795523546172
1.09961667921481 0.89103958085228 0.453925807863362
1.18568000479782 0.926760259645752 0.375653575186243
1.27008016281668 0.955129278714319 0.296189569429586
1.3533443660312 0.976453985264983 0.215726277429113
1.43592607394094 0.990921230963752 0.134444552756786
1.51823488296665 0.998620043622709 0.0525189840910393
1.60065891535096 0.999553695127257 -0.0298773712225127
1.68358365021644 0.993644107085141 -0.112568410447665
1.76740997073355 0.980729721682877 -0.195370120358284
1.85257390977593 0.960556641768645 -0.27808491873613
1.93957099218915 0.932761490782371 -0.360494521057494
2.02898937994426 0.896842538796185 -0.442350285401466
2.12155890298223 0.852112325100042 -0.523359263004657
2.21822924866852 0.7976184064183 -0.603162691453296
2.32030470292627 0.732004218125829 -0.681300379021899
2.42842588500262 0.654208604095411 -0.756314430860129
2.53386214150166 0.570978724655611 -0.820965128932
2.63489227495708 0.485264501749615 -0.874367678003259
2.73282560246637 0.397444934811011 -0.917626296371482
2.82866175868726 0.307812537529709 -0.951447296927777
2.92319262667561 0.2166296245403 -0.976254138443268
3.01709031318588 0.124140609014901 -0.992264917087922
3.1109641873367 0.0305816459067806 -0.999532560169001
3.20540320290388 -0.0638106488865673 -0.99796232237485
3.30101294081619 -0.158790271574391 -0.987312648727579
3.39845435519199 -0.254091490266077 -0.967180517691557
3.49849156616278 -0.349415460574739 -0.936968249295399
3.60205932939676 -0.444411155928905 -0.895823318265181
3.7103692400712 -0.538645747101518 -0.84253278075042
3.8250941527897 -0.631554428612458 -0.775332041520844
3.94872403591238 -0.722346544976224 -0.691531849218744
4.07637692598116 -0.804507694339209 -0.593942981869069
4.19853900684876 -0.870890585423666 -0.491477913953335
4.31695296762281 -0.9228549843014 -0.385148904711294
4.43338028408085 -0.96134861001711 -0.275335970784339
4.54924114600719 -0.986733161022229 -0.162353813561499
4.6658182319385 -0.998919831850794 -0.0464791087556414
4.78440529896805 -0.997402944224334 0.072031620293663
4.90644965392633 -0.981214285912786 0.192924254794093
5.03373558047953 -0.948784996866904 0.315924577060973
5.16868084143605 -0.897654284459355 0.440701914400413
5.31490761532852 -0.8238585067926 0.566796848394153
5.47854694211234 -0.720510640112361 0.693445098697922
5.6629162038389 -0.581164181190087 0.813787546773424
5.85051528706309 -0.419185735604808 0.907901759883625
6.0508715407506 -0.230097975568672 0.973168851579847
6.28318530717959 0.000159433014079571 1.00000178760935
