tol:  0.000126   0.000126 
er -0.000167  -6.94e-19 
tol:  0.000119   0.000119 
er -0.000116   2.97e-05 
tol:  0.000117   0.000117 
er -0.000101   8.96e-06 
tol:  0.000117   0.000117 
er -9.55e-05   1.67e-05 
tol:  0.000118   0.000118 
er -9.36e-05   2.46e-05 
tol:  0.000119   0.000119 
er -9.28e-05   3.29e-05 
tol:   0.00012    0.00012 
er -9.26e-05   4.18e-05 
tol:  0.000122   0.000122 
er -9.26e-05   5.16e-05 
tol:  0.000124   0.000124 
er -9.26e-05   6.27e-05 
tol:  0.000126   0.000126 
er -9.26e-05   7.53e-05 
tol:  0.000129   0.000129 
er -9.26e-05   9.01e-05 
tol:  0.000132   0.000132 
er -9.23e-05   0.000108 
tol:  0.000133   0.000133 
er -8.15e-05   0.000116 
tol:  0.000134   0.000134 
er -6.68e-05   0.000117 
tol:  0.000133   0.000133 
er -5.25e-05   0.000116 
tol:  0.000134   0.000134 
er -3.96e-05   0.000115 
tol:  0.000134   0.000134 
er  -2.8e-05   0.000113 
tol:  0.000134   0.000134 
er -1.74e-05   0.000112 
tol:  0.000135   0.000135 
er -7.36e-06   0.000111 
tol:  0.000136   0.000136 
er  2.37e-06   0.000111 
tol:  0.000138   0.000138 
er   1.2e-05    0.00011 
tol:  0.000139   0.000139 
er  2.19e-05    0.00011 
tol:  0.000141   0.000141 
er  3.21e-05    0.00011 
tol:  0.000143   0.000143 
er  4.31e-05    0.00011 
tol:  0.000146   0.000146 
er   5.5e-05   0.000111 
tol:  0.000149   0.000149 
er  6.84e-05   0.000111 
tol:  0.000152   0.000152 
er  8.36e-05   0.000111 
tol:  0.000156   0.000156 
er  0.000102   0.000112 
tol:  0.000161   0.000161 
er  0.000123   0.000112 
tol:  0.000164   0.000164 
er   0.00014   0.000103 
tol:  0.000165   0.000165 
er  0.000144   8.55e-05 
tol:  0.000166   0.000166 
er  0.000144    6.7e-05 
tol:  0.000167   0.000167 
er  0.000143   4.99e-05 
tol:  0.000168   0.000168 
er  0.000142   3.45e-05 
tol:   0.00017    0.00017 
er  0.000141   2.03e-05 
tol:  0.000172   0.000172 
er   0.00014   6.81e-06 
tol:  0.000175   0.000175 
er   0.00014  -6.44e-06 
tol:  0.000178   0.000178 
er   0.00014  -1.98e-05 
tol:  0.000181   0.000181 
er  0.000141  -3.38e-05 
tol:  0.000185   0.000185 
er  0.000142  -4.87e-05 
tol:   0.00019    0.00019 
er  0.000143  -6.51e-05 
tol:  0.000196   0.000196 
er  0.000144  -8.36e-05 
tol:  0.000202   0.000202 
er  0.000146  -0.000105 
tol:  0.000209   0.000209 
er  0.000147  -0.000131 
tol:  0.000218   0.000218 
er  0.000148  -0.000163 
tol:  0.000226   0.000226 
er  0.000138   -0.00019 
tol:  0.000231   0.000231 
er  0.000113  -0.000199 
tol:  0.000236   0.000236 
er  8.63e-05  -0.000202 
tol:  0.000241   0.000241 
er  6.14e-05  -0.000202 
tol:  0.000247   0.000247 
er  3.83e-05  -0.000203 
tol:  0.000255   0.000255 
er  1.62e-05  -0.000205 
tol:  0.000264   0.000264 
er -5.84e-06  -0.000207 
tol:  0.000275   0.000275 
er -2.89e-05  -0.000211 
tol:  0.000288   0.000288 
er -5.39e-05  -0.000216 
tol:  0.000304   0.000304 
er -8.23e-05  -0.000222 
tol:  0.000324   0.000324 
er -0.000116   -0.00023 
tol:  0.000348   0.000348 
er -0.000157  -0.000238 
tol:  0.000379   0.000379 
er  -0.00021  -0.000248 
tol:  0.000421   0.000421 
er -0.000282  -0.000259 
tol:  0.000476   0.000476 
er -0.000363  -0.000255 
tol:  0.000546   0.000546 
er -0.000415  -0.000212 
tol:  0.000657   0.000657 
er -0.000464   -0.00016 
tol:  0.000886   0.000886 
er -0.000536  -0.000103 
tol:     0.001      0.001 
er -1.11e-05  -4.48e-07 
0 0 1
0.0886112645555026 0.0884953025940594 0.996074021896937
0.173294469232364 0.172427915469137 0.985017367536845
0.256779971668689 0.253966161820832 0.96720615706554
0.340196174006981 0.333669678460485 0.94268079534852
0.424111882886349 0.41150773864365 0.911394423260906
0.508905050862556 0.487215807466983 0.87326678238667
0.594903680632189 0.560421317527969 0.828189299840112
0.682446751069376 0.630683469350969 0.776017428397568
0.771919245092512 0.69749863238072 0.716557757278849
0.863783480633067 0.760288969595278 0.649549171777206
0.958619238622489 0.81837816891048 0.574633706183308
1.05338192660764 0.869076000086191 0.494617963880661
1.14659490728236 0.911338497115448 0.411577326056449
1.23805675206833 0.945117839595557 0.326619359645639
1.32800073301601 0.970632711142029 0.240405154015614
1.41677159514243 0.988121233208794 0.153407188907995
1.50471770251424 0.997774085890032 0.0660245309440166
1.59216350441351 0.999725422143746 -0.0213678630277503
1.67940927720295 0.994058664070175 -0.108397702978316
1.76673897356151 0.980813775844617 -0.194684854576963
1.8544299431479 0.959992467232466 -0.279834600873717
1.94276299776129 0.931560687320486 -0.363431653847168
2.03203298413354 0.895448375338995 -0.445033493883884
2.122560724875 0.851546305504769 -0.524162104914211
2.2147076986772 0.799699439336347 -0.600293127507183
2.30889556054327 0.739695503226056 -0.672841033634646
2.40563394504915 0.671246318254015 -0.741138043718023
2.50556265801145 0.593957158265061 -0.804402780332549
2.60697733377646 0.509464343144738 -0.860398883355599
2.70721443711125 0.420805458010481 -0.907058178283096
2.8056828957325 0.32959310081253 -0.944029847189575
2.90254743406042 0.236746840165936 -0.971477012633942
2.99819377524554 0.142887384729818 -0.989642812365634
3.09304197443061 0.04851956477116 -0.998723600325721
3.18749392388111 -0.0458879941618394 -0.998844661975201
3.28192782096527 -0.139867984766436 -0.990063991589632
3.37670749036666 -0.232937198595632 -0.972380233684118
3.47219595063919 -0.324585220437363 -0.945738117212292
3.5687705899352 -0.414263915789048 -0.910029853916672
3.66684031436097 -0.501375108742157 -0.865092044505275
3.76686647304802 -0.585254460432664 -0.810697322942631
3.86939071307016 -0.66514910957498 -0.7465389623425
3.97507513691925 -0.740185188456433 -0.672204799520077
4.08476459186705 -0.80931823708442 -0.587133191685673
4.19685826044299 -0.869909787289043 -0.49291506145296
4.30804695755925 -0.919226127145495 -0.393343288185706
4.41762986163726 -0.956724335701164 -0.290451709544479
4.52586286000973 -0.982495701520602 -0.185403503981716
4.63328618142819 -0.996705168904819 -0.0789937857805758
4.74049593237842 -0.999429819436231 0.0281120014724949
4.84808680350989 -0.990626462428323 0.13527136035696
4.95665542286289 -0.970130760109889 0.241813789663494
5.06682529383719 -0.937656624590462 0.347009269027826
5.17928262811157 -0.892786031969936 0.450039123508752
5.29482415799146 -0.834944240177239 0.549959496513237
5.41442521431443 -0.763353623854269 0.645648212196978
5.53934557288852 -0.676952684866569 0.735720906592611
5.67130941466951 -0.574251537065608 0.818388812353533
5.80992715924433 -0.455654538378566 0.889872722143558
5.95081406782384 -0.326175702561919 0.945024514197934
6.09415448751812 -0.187828483125285 0.981910109041456
6.24269194014659 -0.0404423171418786 0.998874954970507
6.28318530717959 2.75961233198452E-05 0.999693219005984
