0 0 1
0.0503434732027657 0.0503222102665169 0.998733034976762
0.101152821111887 0.100980411861779 0.994888414054675
0.152920522877955 0.152325219610272 0.988330424236089
0.205982397770088 0.204528888846167 0.97886052817925
0.260736398117233 0.257792129883149 0.966200402489213
0.317672356801271 0.312356229098064 0.949965044695671
0.37741765766802 0.368521105338249 0.929619381747327
0.440811733723671 0.426673742093703 0.904405615754217
0.509036208814369 0.487335876817047 0.87321460315719
0.583862231382641 0.551250453671828 0.834339821251877
0.668176009004918 0.619555271176737 0.784953034236526
0.767289429817898 0.694186736438158 0.719794953409199
0.874064897751151 0.766943769143593 0.641714309464758
0.966542500408126 0.822926263872194 0.568148188617512
1.04973485105133 0.867291264663682 0.497801026754743
1.12674038210379 0.903016639161398 0.429605574216234
1.19946952050115 0.931846731474387 0.362852131095451
1.26922394803832 0.954870638647229 0.297021991524944
1.3369661387066 0.972786058345168 0.231705167592971
1.40346242439585 0.986032320226336 0.166554085717166
1.46936836758344 0.994860592839406 0.10125413974369
1.53528661449309 0.999369596412043 0.0355022501714763
1.60181273501661 0.999519029770854 -0.0310114354059349
1.66957902189721 0.995124955741026 -0.0986221195342288
1.73930524034081 0.985835936680818 -0.167712569441464
1.81186810735913 0.971082651951225 -0.238743550864471
1.8884098543026 0.949983418748096 -0.312300342785088
1.97052783340335 0.921165517054043 -0.38917102948519
2.06064483605613 0.882404143948811 -0.470492217514777
2.16283757537698 0.829803277601775 -0.558056019124745
2.2850871889465 0.755557974437523 -0.655081786698327
2.43382085979971 0.650142367633334 -0.759812412249316
2.56350660764351 0.546421982923873 -0.837510009837221
2.67754554518283 0.447570882934507 -0.894248458063655
2.7827619457945 0.351179655841688 -0.936308095299252
2.88300701063409 0.255713474742068 -0.966752615116884
2.98090520612235 0.159996835810929 -0.987117527212687
3.07857551488426 0.0629754384653034 -0.998015077115622
3.17804067632693 -0.0364399533263818 -0.99933584434942
3.28157666965897 -0.139527287082424 -0.990218226533634
3.39218021304342 -0.247973210169717 -0.968766889936955
3.51445973356719 -0.364286999102681 -0.931286734730373
3.65687524914543 -0.492780770221284 -0.870153499389685
3.83958892653764 -0.642683860040418 -0.766131487437727
4.07920961954138 -0.806150323790276 -0.591710787000564
4.28110281305116 -0.908428832396841 -0.418039539362133
4.46640082746281 -0.96989716862716 -0.24351485024328
4.65318510168912 -0.998247962218921 -0.0591692988445957
4.85933249533615 -0.989223214046483 0.146415275130497
5.12152141300258 -0.917466298078294 0.397813513961629
5.64093783321477 -0.598996620919909 0.800751552060011
