# rmax, e
2 -0.124939824174314


# r, Fe(e,r), exact
0 0 0
0.03125 0.0302843102470394 0.0302885385773858
0.0625 0.0586818950040227 0.0587133164258422
0.09375 0.0852593128805864 0.0853603463793782
0.125 0.110080364288017 0.110312112823074
0.15625 0.133208490075421 0.133647707391785
0.1875 0.154705193851577 0.155442959658825
0.21875 0.174626187509993 0.175770562994482
0.25 0.193028647191731 0.194700195767851
0.28125 0.209974591160755 0.212298638059408
0.3125 0.225510327764548 0.228629884045826
0.34375 0.23969046351816 0.243755250212856
0.375 0.252571474872331 0.257733479546615
0.40625 0.264192143852288 0.270620841848292
0.4375 0.274614713041958 0.282471230312203
0.46875 0.283870796286367 0.293336254502152
0.5 0.292020155543707 0.303265329856317
0.53125 0.29909292396626 0.312305763846247
0.5625 0.305146204818763 0.320502838911144
0.59375 0.310206130912416 0.327899892284293
0.625 0.314330305566108 0.334538392824369
0.65625 0.317537944913312 0.340458014960365
0.6875 0.319889980246393 0.345696709855022
0.71875 0.321402955820092 0.350290773887914
0.75 0.322124115328524 0.354274914555761
0.78125 0.322086344375991 0.357682313884074
0.8125 0.321314201457561 0.360544689440877
0.84375 0.319859058634781 0.362892353040053
0.875 0.317732945042226 0.364754267218695
0.90625 0.31497775158401 0.366158099569904
0.9375 0.311624723136046 0.367130275009499
0.96875 0.307687197664783 0.367696026052368
1 0.30321620123252 0.367879441171442
1.03125 0.298225367936513 0.367703511309695
1.0625 0.292731017992122 0.367190174613035
1.09375 0.286785073052765 0.366360359449541
1.125 0.280392852290646 0.365234025778143
1.15625 0.273572441016409 0.363830204927593
1.1875 0.266370065167796 0.362167037844383
1.21875 0.258791321751668 0.360261811866171
1.25 0.250852029893154 0.358130996075238
1.28125 0.242593748360444 0.355790275284543
1.3125 0.234022317695748 0.353254582707054
1.34375 0.225152774069788 0.350538131357195
1.375 0.2160180464379 0.347654444231526
1.40625 0.206629333547815 0.344616383314021
1.4375 0.1969991576118 0.341436177449721
1.46875 0.187151511175143 0.338125449128937
1.5 0.177103671432722 0.334695240222645
1.53125 0.166865317622148 0.331156036708265
1.5625 0.156452825824307 0.32751779242359
1.59375 0.145888120529827 0.323789951885254
1.625 0.135178441005271 0.319981472206815
1.65625 0.124335128638372 0.316100844150274
1.6875 0.113380939034425 0.312156112343576
1.71875 0.10232251086054 0.308154894695516
1.75 0.091170469236251 0.304104401038279
1.78125 0.0799388625755408 0.300011451026766
1.8125 0.0686415941153468 0.2958824913228
1.84375 0.0572859907198956 0.291723612091263
1.875 0.0458814287742215 0.287540562834241
1.90625 0.0344430674351418 0.283338767588296
1.9375 0.0229776959241509 0.279123339509066
1.96875 0.0114938329814423 0.274899094866504
2 4.78775793074683E-07 0.270670566473225
# rmax, e
3 -0.423958215908785


# r, Fe(e,r), exact
0 0 0
0.046875 0.0447250603474549 0.0447284374673057
0.09375 0.0853364821426736 0.0853603463793782
0.140625 0.12210612303594 0.122177117286962
0.1875 0.155285361575183 0.155442959658825
0.234375 0.18511301039123 0.185405885355538
0.28125 0.211813608787161 0.212298638059408
0.328125 0.235597885628423 0.236339571547879
0.375 0.256663846990597 0.257733479546615
0.421875 0.275197963854419 0.276672379755165
0.46875 0.291382435846134 0.293336254502152
0.515625 0.305375855551578 0.307893750358027
0.5625 0.317330300435569 0.320502838911144
0.609375 0.327400872303767 0.331311440796985
0.65625 0.335719239923635 0.340458014960365
0.703125 0.342406436608079 0.348072115026233
0.75 0.347605226648172 0.354274914555761
0.796875 0.35140105504429 0.359179702870695
0.84375 0.353924874324665 0.362892353040053
0.890625 0.355254520417248 0.365511763538954
0.9375 0.355501992280059 0.367130275009499
0.984375 0.354737453934974 0.367834063477824
1.03125 0.35305673703435 0.367703511309695
1.078125 0.350522638957115 0.366813557118897
1.125 0.347218788747898 0.365234025778143
1.171875 0.343199033173232 0.363029939621111
1.21875 0.338537699481657 0.360261811866171
1.265625 0.333279771747169 0.356985923237485
1.3125 0.327491716610153 0.353254582707054
1.359375 0.321212308437224 0.349116373231922
1.40625 0.314495687530981 0.344616383314021
1.453125 0.307380850691358 0.339796425165779
1.5 0.2999079358157 0.334695240222645
1.546875 0.292116835502785 0.329348692703875
1.59375 0.284036954307613 0.323789951885254
1.640625 0.275706024598668 0.318049663711656
1.6875 0.26714830641591 0.312156112343576
1.734375 0.258392427158435 0.306135372199636
1.78125 0.249464006192369 0.300011451026766
1.828125 0.240382847124171 0.293806424500956
1.875 0.231173460605034 0.287540562834241
1.921875 0.221852177106811 0.281232449837789
1.96875 0.212435878067512 0.274899094866504
2.015625 0.20294211059802 0.268556038047432
2.0625 0.193383363902931 0.262217449172323
2.109375 0.183772298349157 0.255896220613978
2.15625 0.17412122982909 0.249604054606318
2.203125 0.164439296782935 0.243351545209553
2.25 0.154735252873981 0.237148255264195
2.296875 0.145017547882737 0.231002788620975
2.34375 0.13529235638241 0.224922857917965
2.390625 0.12556508199649 0.218915348161246
2.4375 0.11584106471889 0.212986376351337
2.484375 0.106123946136852 0.207141347384204
2.53125 0.0964164927273006 0.201385006443014
2.578125 0.0867210964478977 0.195721488084805
2.625 0.0770395507411817 0.19015436221491
2.671875 0.0673723597526787 0.18468667713124
2.71875 0.0577193080876528 0.179320999810369
2.765625 0.0480807821863909 0.174059453597785
2.8125 0.0384554320754312 0.168903753455554
2.859375 0.0288413599029945 0.163855238912081
2.90625 0.0192359049871136 0.158914904850502
2.953125 0.00963788737620776 0.154083430264567
3 4.35790815079481E-05 0.149361205103592
# rmax, e
4 -0.483259304768769


# r, Fe(e,r), exact
0 0 0
0.0625 0.0587098681360097 0.0587133164258422
0.125 0.110295039855183 0.110312112823074
0.1875 0.155400560380471 0.155442959658825
0.25 0.194609514182178 0.194700195767851
0.3125 0.228470762994555 0.228629884045826
0.375 0.257479699387149 0.257733479546615
0.4375 0.282092823697513 0.282471230312203
0.5 0.302730023111659 0.303265329856317
0.5625 0.319776182101535 0.320502838911144
0.625 0.333588121793652 0.334538392824369
0.6875 0.344491237616652 0.345696709855022
0.75 0.352773175154004 0.354274914555761
0.8125 0.358708716165385 0.360544689440877
0.875 0.362553940155831 0.364754267218695
0.9375 0.364529410745341 0.367130275009499
1 0.36483788736207 0.367879441171442
1.0625 0.36367641884659 0.367190174613035
1.125 0.361212768864313 0.365234025778143
1.1875 0.357600254414437 0.362167037844383
1.25 0.352988653748743 0.358130996075238
1.3125 0.347499731381217 0.353254582707054
1.375 0.341253579994963 0.347654444231526
1.4375 0.3343576541545 0.341436177449721
1.5 0.32690371218445 0.334695240222645
1.5625 0.318983350814776 0.32751779242359
1.625 0.310669387826564 0.319981472206815
1.6875 0.302035748489536 0.312156112343576
1.75 0.29314209748411 0.304104401038279
1.8125 0.284046952323113 0.2958824913228
1.875 0.274798438273533 0.287540562834241
1.9375 0.265442572661972 0.279123339509066
2 0.256017454856585 0.270670566473225
2.0625 0.246558813381115 0.262217449172323
2.125 0.237096329627736 0.253795057566779
2.1875 0.227657071877326 0.245430698013252
2.25 0.218263801540085 0.237148255264195
2.3125 0.208936216114961 0.228968506841348
2.375 0.19969132799968 0.220909411875326
2.4375 0.190542738130817 0.212986376351337
2.5 0.18150294099847 0.205212496559747
2.5625 0.172580310361225 0.197598782418812
2.625 0.163783023351626 0.19015436221491
2.6875 0.15511672128762 0.182886670192215
2.75 0.146583033603255 0.175801618318446
2.8125 0.138188171658839 0.168903753455554
2.875 0.129930683380982 0.16219640107336
2.9375 0.121807127218394 0.155681796559858
3 0.113822708408034 0.149361205103592
3.0625 0.105972048730692 0.143235031050874
3.125 0.0982466321673178 0.137302917573148
3.1875 0.0906442788029485 0.13156383741723
3.25 0.0831712496983854 0.126016175453097
3.3125 0.0758078255832726 0.120657803680019
3.375 0.0685419016859783 0.115486149301873
3.4375 0.0613795506264044 0.110498256436136
3.5 0.0543223683661242 0.105690841978115
3.5625 0.0473430442935667 0.101060346102103
3.625 0.0404234756779458 0.0966029778442886
3.6875 0.0335674426499456 0.092314756177978
3.75 0.0267981640583512 0.0881915469600341
3.8125 0.020064563590581 0.0842290960980506
3.875 0.0133508751123065 0.0804230592605865
3.9375 0.0066683410146044 0.0767690284276046
4 4.64311149402444E-06 0.0732625555549367
# rmax, e
5 -0.496418663576985


# r, Fe(e,r), exact
0 0 0
0.078125 0.0722506723839445 0.072253813532516
0.15625 0.133634867795954 0.133647707391785
0.234375 0.185379679017195 0.185405885355538
0.3125 0.228579895758008 0.228629884045826
0.390625 0.264232621056705 0.264310096156925
0.46875 0.293219161482333 0.293336254502152
0.546875 0.316338162710941 0.316506967991202
0.625 0.334307655253878 0.334538392824369
0.703125 0.347770137812756 0.348072115026233
0.78125 0.357298440499144 0.357682313884074
0.859375 0.363405014244606 0.363882269854523
0.9375 0.366547416902532 0.367130275009499
1.015625 0.367134481380069 0.367834999066464
1.09375 0.365530569537063 0.366360359449541
1.171875 0.362061532631612 0.363029939621111
1.25 0.357013938285168 0.358130996075238
1.328125 0.350638719972706 0.351918090864628
1.40625 0.34316269376293 0.344616383314021
1.484375 0.334786786288735 0.336424611629657
1.5625 0.325684630691068 0.32751779242359
1.640625 0.316008863329041 0.318049663711656
1.71875 0.305896005312812 0.308154894695516
1.796875 0.295462753667 0.297951083584363
1.875 0.284810942213406 0.287540562834241
1.953125 0.274030133480319 0.277012029467466
2.03125 0.263195648192891 0.266442016567582
2.109375 0.252373575556025 0.255896220613978
2.1875 0.241619237910496 0.245430698013252
2.265625 0.230979847600175 0.235092942990966
2.34375 0.220494957524465 0.224922857917965
2.421875 0.21019659412256 0.214953626150981
2.5 0.200112443527883 0.205212496559747
2.578125 0.19026199055929 0.195721488084805
2.65625 0.180664271779278 0.186498021914812
2.734375 0.171329213408577 0.177555488183174
2.8125 0.162267342577321 0.168903753455554
2.890625 0.15348474303591 0.160549614706996
2.96875 0.144978756300237 0.152497204965276
3.046875 0.136762385878012 0.144748355321211
3.125 0.128819463519936 0.137302917573148
3.203125 0.121153103059459 0.130159051377865
3.28125 0.113767400808147 0.123313479420462
3.359375 0.106633356098263 0.116761713788327
3.4375 0.0997572025464573 0.110498256436136
3.515625 0.0931522931758537 0.104516776357589
3.59375 0.0867662122258734 0.0988102658327333
3.671875 0.0805669421927536 0.0933711778952633
3.75 0.074669837235943 0.0881915469600341
3.828125 0.0689702238848391 0.083263094365474
3.90625 0.0634131297051488 0.0785773204169566
3.984375 0.058043694306991 0.0741255843639984
4.0625 0.0528881624267757 0.0698991736050213
4.140625 0.0479041187662126 0.0658893632871165
4.21875 0.0430336950775978 0.062087467353617
4.296875 0.0383702841498752 0.0584848819882887
4.375 0.0337964934545421 0.0550731223106487
4.453125 0.0292956732882036 0.05184385309142
4.53125 0.0249340854439945 0.0487889141796665
4.609375 0.0206433019717512 0.0459003412629852
4.6875 0.0164078442599892 0.0431703825186007
4.765625 0.0122149228567459 0.0405915116557244
4.84375 0.00814616760501686 0.0381564377975377
4.921875 0.00407336673272593 0.0358581126041528
5 6.23475184784693E-07 0.0336897349954273
# rmax, e
10 -0.49999914556309


# r, Fe(e,r), exact
0 0 0
0.15625 0.133638980830207 0.133647707391785
0.3125 0.228609594347594 0.228629884045826
0.46875 0.293310071891581 0.293336254502152
0.625 0.334503559982733 0.334538392824369
0.78125 0.357646836146002 0.357682313884074
0.9375 0.367097415600984 0.367130275009499
1.09375 0.366331081734332 0.366360359449541
1.25 0.358112619812463 0.358130996075238
1.40625 0.344605830284631 0.344616383314021
1.5625 0.327517388633942 0.32751779242359
1.71875 0.308162900187462 0.308154894695516
1.875 0.287556371080363 0.287540562834241
2.03125 0.266465025446783 0.266442016567582
2.1875 0.245459886144751 0.245430698013252
2.34375 0.224957236605529 0.224922857917965
2.5 0.205251003233094 0.205212496559747
2.65625 0.186539209355411 0.186498021914812
2.8125 0.168945702335744 0.168903753455554
2.96875 0.152535962737907 0.152497204965276
3.125 0.137341389546961 0.137302917573148
3.28125 0.123351673002293 0.123313479420462
3.4375 0.110515887832062 0.110498256436136
3.59375 0.0988225894161028 0.0988102658327333
3.75 0.0881814273622124 0.0881915469600341
3.90625 0.078518492502512 0.0785773204169566
4.0625 0.0697715223996606 0.0698991736050213
4.21875 0.0619495160657513 0.062087467353617
4.375 0.054975444350372 0.0550731223106487
4.53125 0.0486365076985624 0.0487889141796665
4.6875 0.0429897581965474 0.0431703825186007
4.84375 0.0380369985296999 0.0381564377975377
5 0.0335619321219177 0.0336897349954273
5.15625 0.0295865956979006 0.0297168685755193
5.3125 0.0260148680503155 0.0261884326988331
5.46875 0.0229361201180302 0.0230589815837004
5.625 0.0201631762355381 0.0202869176400885
5.78125 0.0177302218039982 0.0178343291036124
5.9375 0.0155297628167018 0.0156667941202333
6.09375 0.0135796955434962 0.0137531643852771
6.25 0.0119246571408952 0.0120653383514232
6.40625 0.0104754973536064 0.0105780315508047
6.5625 0.00916707687178958 0.00926854961175204
6.71875 0.00800450590040054 0.00811656799659887
6.875 0.00686138261900339 0.0071039212657025
7.03125 0.00599370997099409 0.00621440372063707
7.1875 0.0052897784655186 0.0054335825441032
7.34375 0.00464280632797248 0.00474862399267345
7.5 0.00404505471882376 0.00414813277610875
7.65625 0.00349383285801586 0.00362200444515987
7.8125 0.00294696916266916 0.00316129038536144
7.96875 0.00231881758410473 0.00275807485856841
8.125 0.00221137530438213 0.00240536343171195
8.28125 0.00196302347265929 0.00209698207124848
8.4375 0.00178536170730855 0.00182748615224247
8.59375 0.00153772512510908 0.00159207862513294
8.75 0.00119801754964599 0.00138653659476282
8.90625 0.000852676891788846 0.00120714559028311
9.0625 0.000186264551928606 0.0010506408372219
9.21875 0.000533909689765304 0.000914154881327078
9.375 0.000636090693026925 0.000795170955435648
9.53125 0.000601585010788863 0.000691481523828168
9.6875 0.000684501484400957 0.000601151481970526
9.84375 0.000408577821280262 0.000522485532254315
10 7.2192981501705E-09 0.000453999297624849
