-1 0.35322690848236
-0.894736842105263 0.309802259625527
-0.789473684210526 0.124837110617201
-0.684210526315789 -0.179854467282462
-0.578947368421053 -0.521775260580296
-0.473684210526316 -0.778546959604401
-0.368421052631579 -0.834212341288874
-0.263157894736842 -0.632604991636986
-0.157894736842105 -0.211597087256371
-0.0526315789473685 0.301971142652196
0.0526315789473684 0.738545534638979
0.157894736842105 0.953842159707218
0.263157894736842 0.886951458303233
0.368421052631579 0.581374974294357
0.473684210526316 0.160599186123614
0.578947368421053 -0.227654398899546
0.684210526315789 -0.4705301385085
0.789473684210526 -0.526107340970266
0.894736842105263 -0.42454349264334
1 -0.240462049968584


-1 0.395924928264793
-0.984375 0.383555967124837
-0.96875 0.369747634831184
-0.953125 0.354420112332334
-0.9375 0.337496123834131
-0.921875 0.318902264563859
-0.90625 0.29857045405704
-0.890625 0.276439506358506
-0.875 0.252456804980842
-0.859375 0.22658006671457
-0.84375 0.198779174504012
-0.828125 0.169038055671902
-0.8125 0.137356577887458
-0.796875 0.103752431530602
-0.78125 0.0682629636215916
-0.765625 0.0309469253793367
-0.75 -0.00811390713456472
-0.734375 -0.0488132818129032
-0.71875 -0.0910192325102291
-0.703125 -0.134573098418707
-0.6875 -0.179288844406063
-0.671875 -0.22495272430663
-0.65625 -0.271323326451433
-0.640625 -0.318132036875035
-0.625 -0.365083950632526
-0.609375 -0.411859255516749
-0.59375 -0.458115105233814
-0.578125 -0.503487990858308
-0.5625 -0.547596610267365
-0.546875 -0.590045225397754
-0.53125 -0.630427486767601
-0.515625 -0.668330693968788
-0.5 -0.703340450007084
-0.484375 -0.735045656704314
-0.46875 -0.763043788153601
-0.453125 -0.786946369714831
-0.4375 -0.806384581531385
-0.421875 -0.821014898309999
-0.40625 -0.830524671384039
-0.390625 -0.834637555101105
-0.375 -0.833118677528294
-0.359375 -0.825779455500776
-0.34375 -0.812481956250764
-0.328125 -0.793142712290511
-0.3125 -0.76773590287293
-0.296875 -0.736295824145745
-0.28125 -0.698918580918773
-0.265625 -0.655762945589669
-0.25 -0.607050343977285
-0.234375 -0.553063943299778
-0.21875 -0.494146833970768
-0.203125 -0.430699313900793
-0.1875 -0.363175301188841
-0.171875 -0.292077918062124
-0.15625 -0.21795430526215
-0.140625 -0.141389741382121
-0.125 -0.0630011555569221
-0.109375 0.0165698659525204
-0.09375 0.0966644686558108
-0.078125 0.176614195810506
-0.0625 0.255748807802746
-0.046875 0.333404128598883
-0.03125 0.408929792960629
-0.015625 0.481696770806306
0 0.551104550372564
0.015625 0.616587869533893
0.03125 0.677622894559115
0.046875 0.733732757457121
0.0625 0.78449237657402
0.078125 0.829532499899039
0.09375 0.868542926238959
0.109375 0.901274875637365
0.125 0.927542496748906
0.140625 0.94722351494103
0.15625 0.960259040315989
0.171875 0.966652569282769
0.1875 0.966468226457684
0.203125 0.959828305274619
0.21875 0.946910175532745
0.234375 0.927942634047182
0.25 0.903201780499812
0.265625 0.873006504473757
0.28125 0.837713671512371
0.296875 0.797713095941484
0.3125 0.753422386249672
0.328125 0.705281745196003
0.34375 0.653748801704062
0.359375 0.599293545229353
0.375 0.542393425898862
0.390625 0.483528675572839
0.40625 0.423177896329774
0.421875 0.361813953981882
0.4375 0.299900205334755
0.453125 0.237887079237842
0.46875 0.176209023235371
0.484375 0.11528181999575
0.5 0.0555002708156024
0.515625 -0.00276376252657107
0.53125 -0.0591629713760404
0.546875 -0.113375887179949
0.5625 -0.1651078628661
0.578125 -0.214091771798069
0.59375 -0.26008844871121
0.609375 -0.302886897418203
0.625 -0.342304289705353
0.640625 -0.378185778831114
0.65625 -0.410404149506048
0.671875 -0.438859324304529
0.6875 -0.463477744260393
0.703125 -0.48421163905594
0.71875 -0.501038199843789
0.734375 -0.513958665451484
0.75 -0.522997330603577
0.765625 -0.528200482933761
0.78125 -0.529635274012027
0.796875 -0.527388528422224
0.8125 -0.521565494118833
0.828125 -0.512288536875329
0.84375 -0.499695781600126
0.859375 -0.48393970361408
0.875 -0.465185673616433
0.890625 -0.443610460962994
0.90625 -0.419400700981227
0.921875 -0.392751333285756
0.9375 -0.363864019364569
0.953125 -0.332945549010681
0.96875 -0.300206246407334
0.984375 -0.265858387772741
1 -0.230114643375034
