0 0
0.03125 0.0312499970422303
0.0625 0.0624999053514265
0.09375 0.0937492812642177
0.125 0.12499697127401
0.15625 0.156240757194877
0.1875 0.187477001545302
0.21875 0.218700293420424
0.25 0.249903095288773
0.28125 0.281075391358339
0.3125 0.312202052466445
0.34375 0.343270251051738
0.375 0.374258963322129
0.40625 0.405144649894865
0.4375 0.435899580320599
0.46875 0.466491524570746
0.5 0.496883461967976
0.53125 0.527033311776836
0.5625 0.556894600507816
0.59375 0.586412872359927
0.625 0.615530240059885
0.65625 0.644182305447117
0.6875 0.672298775557041
0.71875 0.699803444264774
0.75 0.726614241403602
0.78125 0.75264335796858
0.8125 0.777797456326989
0.84375 0.801977974544306
0.875 0.825082357847103
0.90625 0.847001445971064
0.9375 0.867624593939916
0.96875 0.886837586858779
1 0.904524229398487
1.03125 0.920567393548418
1.0625 0.934850212779234
1.09375 0.947257425100671
1.125 0.95767686518417
1.15625 0.966004901422047
1.1875 0.972129223134107
1.21875 0.975968735753683
1.25 0.977437755627827
1.28125 0.976466560381954
1.3125 0.973000613512992
1.34375 0.967002300617356
1.375 0.958453327188407
1.40625 0.947356969630712
1.4375 0.93374025982396
1.46875 0.917656053414369
1.5 0.899184926790324
1.53125 0.878436842939402
1.5625 0.855552499785081
1.59375 0.830704497570021
1.625 0.804097598805435
1.65625 0.77596905876088
1.6875 0.746588061421087
1.71875 0.716254592715922
1.75 0.685297619446932
1.78125 0.654072522001906
1.8125 0.62295773960518
1.84375 0.592350600386464
1.875 0.56266232505917
1.90625 0.534312212492225
1.9375 0.507721037849118
1.96875 0.483303719049678
2 0.461461334746349
2.03125 0.4425701016375
2.0625 0.426984986887698
2.09375 0.41500553144956
2.125 0.406891935308706
2.15625 0.402842891207998
2.1875 0.402990695625987
2.21875 0.407392868883094
2.25 0.416025688076812
2.28125 0.428778972044766
2.3125 0.445452221350038
2.34375 0.465753221620431
2.375 0.489298689567011
2.40625 0.515616996756531
2.4375 0.544153936334125
2.46875 0.574281235770329
2.5 0.605307774350616
2.53125 0.636493615236559
2.5625 0.667066672824461
2.59375 0.696241765468859
2.625 0.723241688640763
2.65625 0.747319755022304
2.6875 0.767783762591741
2.71875 0.784018830736576
2.75 0.795511673623909
2.78125 0.801871696740551
2.8125 0.802851520092802
2.84375 0.7983608262448
2.875 0.788480767854034
2.90625 0.773469472019705
2.9375 0.753763308919987
2.96875 0.729971446792735
3 0.702863569250977
3.03125 0.673350598429227
3.0625 0.642458550284727
3.09375 0.611295961700828
3.125 0.581015661781253
3.15625 0.552771998040036
3.1875 0.527674955771993
3.21875 0.506742907458439
3.25 0.490855927559992
3.28125 0.480712842333577
3.3125 0.476788646589601
3.34375 0.479310178354247
3.375 0.488225148749825
3.40625 0.503204160637231
3.4375 0.523623381853225
3.46875 0.548598897339775
3.5 0.577007224830976
3.53125 0.607530721597303
3.5625 0.638713701502161
3.59375 0.66902914337101
3.625 0.696953440152932
3.65625 0.721045313026931
3.6875 0.740025432490174
3.71875 0.752851939952202
3.75 0.758784788173221
3.78125 0.757451767617099
3.8125 0.748860628510661
3.84375 0.733439057587334
3.875 0.712014687419093
3.90625 0.68578549723366
3.9375 0.656263251914465
3.96875 0.625194059961051
4 0.59446022731335
4.03125 0.56596757232309
4.0625 0.54152517575386
4.09375 0.522724500468052
4.125 0.510826840998057
4.15625 0.506666512024496
4.1875 0.510578122808815
4.21875 0.52235520223398
4.25 0.54124318666747
4.28125 0.565973215951853
4.3125 0.594833000294916
4.34375 0.625775498137573
4.375 0.65655698977695
4.40625 0.684897503561182
4.4375 0.708652298423895
4.46875 0.725981181345361
4.5 0.73550227092008
4.53125 0.736418038848126
4.5625 0.728598048472347
4.59375 0.71261384168755
4.625 0.689716162384223
4.65625 0.661752936997154
4.6875 0.631034679710129
4.71875 0.600153025340207
4.75 0.571764360011909
4.78125 0.548359511055576
4.8125 0.532037441794462
4.84375 0.524302992939926
4.875 0.525910446454179
4.90625 0.536776092973189
4.9375 0.555927610113909
4.96875 0.581630285535284
5 0.61146628867198
5.03125 0.642579793143413
5.0625 0.671936385008678
5.09375 0.696620319696784
5.125 0.714133188650385
5.15625 0.722655399337036
5.1875 0.72126085355204
5.21875 0.710037540468154
5.25 0.690109928023168
5.28125 0.663547878046133
5.3125 0.633172390945324
5.34375 0.60227011655139
5.375 0.574244351325229
5.40625 0.552233776378552
5.4375 0.538753047173454
5.46875 0.535386131945636
5.5 0.542576065598349
5.53125 0.559540833845224
5.5625 0.58433119610588
5.59375 0.614031110955077
5.625 0.645083631812101
5.65625 0.673708089827473
5.6875 0.696362039535629
5.71875 0.710190331576622
5.75 0.713404318600439
5.78125 0.705540463961677
5.8125 0.687555227786523
5.84375 0.661738515857533
5.875 0.631447337648459
5.90625 0.600686397372544
5.9375 0.573586456892532
5.96875 0.553844304890317
6 0.544204115303184
6.03125 0.546051742290428
6.0625 0.559183741795565
6.09375 0.581796584005793
6.125 0.610703544391277
6.15625 0.641761041010922
6.1875 0.670449894544942
6.21875 0.69253266532584
6.25 0.704693975052162
6.28125 0.705059435066926
6.3125 0.693519664348867
6.34375 0.67178826322402
6.375 0.643181846889483
6.40625 0.612139023623088
6.4375 0.583547005766471
6.46875 0.561971683626812
6.5 0.550912938297531
6.53125 0.55221445903875
6.5625 0.565716661431872
6.59375 0.589239042266629
6.625 0.618896437354853
6.65625 0.6497150015593
6.6875 0.6764561108337
6.71875 0.694509548825586
6.75 0.700713095620686
6.78125 0.693918290964711
6.8125 0.67528427789736
6.84375 0.648075144792662
6.875 0.617147333522431
6.90625 0.588092336190841
6.9375 0.56623607188663
6.96875 0.555643927919395
7 0.558334175428143
7.03125 0.573855760214866
7.0625 0.59931710846339
7.09375 0.62988912826375
7.125 0.659694516996408
7.15625 0.682929997752057
7.1875 0.695009200359183
7.21875 0.693497281695878
7.25 0.678643165414181
7.28125 0.653385523833426
7.3125 0.622814497630132
7.34375 0.593169905802471
7.375 0.57057761658313
7.40625 0.559769544318301
7.4375 0.563059738047193
7.46875 0.579804619201057
7.5 0.60647954006998
7.53125 0.63737925034433
7.5625 0.665814811344669
7.59375 0.685554852509795
7.625 0.692213602355937
7.65625 0.684262761462648
7.6875 0.663431812601344
7.71875 0.63438085868631
7.75 0.603696886786071
7.78125 0.578418254924898
7.8125 0.564416190819263
7.84375 0.56498729885217
7.875 0.580057567297575
7.90625 0.6061055265039
7.9375 0.636947927067128
7.96875 0.66518341530518
8 0.683956824077922
8.03125 0.688648826733911
8.0625 0.678057191699014
8.09375 0.654756243355864
8.125 0.624527948017178
8.15625 0.594962002285435
8.1875 0.573563178518332
8.21875 0.565829252873019
8.25 0.573797759319319
8.28125 0.595452353868506
8.3125 0.625176978848297
8.34375 0.65516973003912
8.375 0.677474664831378
8.40625 0.686105761970986
8.4375 0.678696775597688
8.46875 0.657204078474626
8.5 0.627453821475301
8.53125 0.597603954204337
8.5625 0.575924765454204
8.59375 0.568491683889272
8.625 0.577436775869528
8.65625 0.600282956335605
8.6875 0.630556425096608
8.71875 0.65959053677634
8.75 0.678988446177719
8.78125 0.683073381636725
8.8125 0.670602022494425
8.84375 0.645204880150542
8.875 0.614393115393852
8.90625 0.587370863678742
8.9375 0.572294785742894
8.96875 0.57377210436642
9 0.591401800995773
9.03125 0.619806999394069
9.0625 0.650225398067625
9.09375 0.673179912891505
9.125 0.681445087761981
9.15625 0.672367559336539
9.1875 0.648784716426441
9.21875 0.618205851138155
9.25 0.590466050267682
9.28125 0.574572343433968
9.3125 0.575748093999645
9.34375 0.593654317974119
9.375 0.62241358555186
9.40625 0.652479003751199
9.4375 0.673777866247144
9.46875 0.679101757038303
9.5 0.666599563001377
9.53125 0.640495310857943
9.5625 0.609727124158759
9.59375 0.58493126649208
9.625 0.574758109996511
9.65625 0.582812151086183
9.6875 0.606300770455451
9.71875 0.636916000440952
9.75 0.663778460830516
9.78125 0.677182435823292
9.8125 0.672282577237505
9.84375 0.65079054526449
9.875 0.620540641308368
9.90625 0.592652497108401
9.9375 0.57746633364181
9.96875 0.58067565050429
10 0.60112507370517
