0.0625 8.15642571505652E-05
0.09375 0.000274659113626386
0.125 0.000651036056061554
0.15625 0.00127152280312181
0.1875 0.00219709087442149
0.21875 0.00348863605963311
0.25 0.00520692485233025
0.28125 0.00741251997006309
0.3125 0.0101656815324787
0.34375 0.0135262405193186
0.375 0.0175534412040156
0.40625 0.022305749362969
0.4375 0.0278406232027336
0.46875 0.0342142441353251
0.5 0.0414812047742333
0.53125 0.0496941518296624
0.5625 0.05890338196045
0.59375 0.0691566833521551
0.625 0.0804978624221556
0.65625 0.0929674224317886
0.6875 0.106601260784383
0.71875 0.121430172429708
0.75 0.137479155868481
0.78125 0.154766677180367
0.8125 0.173303896854217
0.84375 0.193093865601329
0.875 0.214130011871875
0.90625 0.236398015139652
0.9375 0.259870939345524
0.96875 0.284511042800464
1 0.310268318416632
1.03125 0.337079726757685
1.0625 0.364868489893538
1.09375 0.393543466820838
1.125 0.422998633034971
1.15625 0.453112688505069
1.1875 0.483748819739783
1.21875 0.514754642760234
1.25 0.545962285848959
1.28125 0.577189031438389
1.3125 0.608237612358096
1.34375 0.638897375246074
1.375 0.668945484775985
1.40625 0.698148566981279
1.4375 0.726264486012317
1.46875 0.753044883424043
1.5 0.778237741602754
1.53125 0.801590481754718
1.5625 0.822853402478889
1.59375 0.841783443737469
1.625 0.85814855161575
1.65625 0.871731357926745
1.6875 0.882334731756338
1.71875 0.889786023380296
1.75 0.893942077448403
1.78125 0.894694112245658
1.8125 0.891972486262753
1.84375 0.885751232262565
1.875 0.876052227357956
1.90625 0.862948857786097
1.9375 0.846569029708332
1.96875 0.827097373149402
2 0.804776485798575
2.03125 0.779907067504298
2.0625 0.75284680554567
2.09375 0.724007885735073
2.125 0.693853025571807
2.15625 0.662889953361689
2.1875 0.631664291595691
2.21875 0.600750843872084
2.25 0.570743331917259
2.28125 0.542242682174035
2.3125 0.515844019012522
2.34375 0.492122582548238
2.375 0.47161880804238
2.40625 0.454823154243551
2.4375 0.442160509616861
2.46875 0.433975411785004
2.5 0.430517845724841
2.53125 0.431930456702444
2.5625 0.438238312995643
2.59375 0.449340801260961
2.625 0.465006181234658
2.65625 0.484870505501991
2.6875 0.508440090279552
2.71875 0.53509838943266
2.75 0.564117390748073
2.78125 0.594673593626455
2.8125 0.625868459111132
2.84375 0.656752888032926
2.875 0.6863561046597
2.90625 0.713716111434034
2.9375 0.737913600583851
2.96875 0.758106183438878
3 0.773562195986721
3.03125 0.783694225078837
3.0625 0.788087869380261
3.09375 0.786522977952954
3.125 0.778999931243666
3.15625 0.76574374858116
3.1875 0.747209821316126
3.21875 0.724076397797195
3.25 0.697227800249918
3.28125 0.667727271737931
3.3125 0.636780240632766
3.34375 0.605687828297921
3.375 0.575798479549743
3.40625 0.548438010825874
3.4375 0.524860508958755
3.46875 0.506178986539349
3.5 0.493307523847026
3.53125 0.486908151737947
3.5625 0.487344341335808
3.59375 0.494656936935953
3.625 0.508537189347989
3.65625 0.528334605774468
3.6875 0.553074055672828
3.71875 0.581493957367586
3.75 0.612102947963729
3.78125 0.643252249441946
3.8125 0.673221908438555
3.84375 0.700315929795477
3.875 0.722961732408345
3.90625 0.739807839171644
3.9375 0.749813856623914
3.96875 0.752326132223676
4 0.747133953833262
4.03125 0.734499971740145
4.0625 0.715162566265391
4.09375 0.690306494432791
4.125 0.661502814905917
4.15625 0.630618887593461
4.1875 0.599703832124288
4.21875 0.570854864948371
4.25 0.546073465550531
4.28125 0.527120346246408
4.3125 0.515380610959315
4.34375 0.511749862455904
4.375 0.516549342267399
4.40625 0.529482037411514
4.4375 0.549633157339922
4.46875 0.575517343064755
4.5 0.605174259501691
4.53125 0.636307191226271
4.5625 0.666454415894986
4.59375 0.693183048705632
4.625 0.714290281827558
4.65625 0.727994047444119
4.6875 0.733098012976617
4.71875 0.729113480106099
4.75 0.716325406539562
4.78125 0.695793161471697
4.8125 0.669281655292378
4.84375 0.639127158549366
4.875 0.60803770004256
4.90625 0.578864817573643
4.9375 0.554331961302514
4.96875 0.536777491306113
5 0.527917370719584
5.03125 0.528659019695307
5.0625 0.538987075520481
5.09375 0.557935940054455
5.125 0.583657813283427
5.15625 0.613583782412301
5.1875 0.64466659988601
5.21875 0.673684241953782
5.25 0.697574532856284
5.28125 0.713767109675974
5.3125 0.720475855751691
5.34375 0.716917018252476
5.375 0.70342570143407
5.40625 0.681450857514476
5.4375 0.653423649747308
5.46875 0.622507454027687
5.5 0.592252795940551
5.53125 0.566192875576271
5.5625 0.5474243557084
5.59375 0.538225023388203
5.625 0.539755404818803
5.65625 0.551884879893669
5.6875 0.573172804228911
5.71875 0.601012530346103
5.75 0.63192893415306
5.78125 0.661998859208589
5.8125 0.687345293109981
5.84375 0.704646082269127
5.875 0.711579648872764
5.90625 0.707184781207779
5.9375 0.691984534491091
5.96875 0.667992922498774
6 0.638459147526589
6.03125 0.607447828669159
6.0625 0.579295756659923
6.09375 0.557999710664056
6.125 0.5466353089839
6.15625 0.54689136031796
6.1875 0.558785051028179
6.21875 0.580619133567969
6.25 0.609191562183823
6.28125 0.640240190097007
6.3125 0.669064733634614
6.34375 0.691237231126618
6.375 0.70330105938985
6.40625 0.703314394116784
6.4375 0.691230694385828
6.46875 0.668917456109672
6.5 0.639917704984728
6.53125 0.608910492441097
6.5625 0.580969403137289
6.59375 0.56073190797686
6.625 0.551609899646763
6.65625 0.555191118604603
6.6875 0.570920293688004
6.71875 0.596148080642236
6.75 0.626542049409035
6.78125 0.656807864218918
6.8125 0.681601535606746
6.84375 0.696484442701256
6.875 0.698739483598999
6.90625 0.687905733257595
6.9375 0.665911657160084
6.96875 0.636772477203
7 0.605886965341288
7.03125 0.579051978487968
7.0625 0.561373112972905
7.09375 0.556263531374168
7.125 0.564763800508241
7.15625 0.585271950385177
7.1875 0.61380970591109
7.21875 0.644759538744981
7.25 0.671951284725738
7.28125 0.689893002548749
7.3125 0.694910110919389
7.34375 0.685920831916451
7.375 0.66472966415301
7.40625 0.635703518383726
7.4375 0.604908463584158
7.46875 0.578857642911321
7.5 0.56313311665161
7.53125 0.561151572174877
7.5625 0.573400232024113
7.59375 0.597249625635712
7.625 0.627480999684248
7.65625 0.657396291211214
7.6875 0.680288901935469
7.71875 0.690960735341626
7.75 0.686937391801051
7.78125 0.669090145970901
7.8125 0.641499508573106
7.84375 0.610565611448072
7.875 0.583547974509566
7.90625 0.566859475513834
7.9375 0.564513496864742
7.96875 0.577146168078377
8 0.601722928147871
8.03125 0.632289127856689
8.0625 0.661340224992856
8.09375 0.681664468194808
8.125 0.688149984612454
8.15625 0.679120233419146
8.1875 0.656813071198674
8.21875 0.626887470952601
8.25 0.5970260697133
8.28125 0.574978046397841
8.3125 0.566531912448732
8.34375 0.573958211877054
8.375 0.595337134371336
8.40625 0.624998186274504
8.4375 0.654989415095251
8.46875 0.677172588750538
8.5 0.68546812528244
8.53125 0.677549327460906
8.5625 0.65555892599216
8.59375 0.625589837992106
8.625 0.596040179942721
8.65625 0.575225061171328
8.6875 0.569189710812136
8.71875 0.579716357117582
8.75 0.603722219370168
8.78125 0.634311251546344
8.8125 0.662536474164306
8.84375 0.680058949250277
8.875 0.681638235605574
8.90625 0.666754342968011
8.9375 0.639843012949504
8.96875 0.60903458269336
9 0.58372867360438
9.03125 0.571724358128255
9.0625 0.576777525235741
9.09375 0.597363549263075
9.125 0.627063516361026
9.15625 0.656523412234534
9.1875 0.676372134674647
9.21875 0.68022732274892
9.25 0.666801449121509
9.28125 0.640401301809875
9.3125 0.609611564293963
9.34375 0.58453987509076
9.375 0.57349716908612
9.40625 0.580199094355537
9.4375 0.602448151642503
9.46875 0.632782988507661
9.5 0.660924376458286
9.53125 0.677253940880038
9.5625 0.676123696150229
9.59375 0.657878053445474
9.625 0.628825098856825
9.65625 0.59911826123294
9.6875 0.579231944330175
9.71875 0.576249641900974
9.75 0.591280597183154
9.78125 0.618970684400865
9.8125 0.649340418188514
9.84375 0.671348085435465
9.875 0.676915661348237
9.90625 0.663950503028164
9.9375 0.637210098927882
9.96875 0.606629517095465
10 0.583670906087789
