1 117 5.85
2 100 5
3 88 4.4
4 72 3.6
6 53 2.65
9 29.5 1.475
10 25.2 1.26
13 15.2 0.76
15 11.1 0.555



1 119.975700195713
1.14141414141414 117.102983543079
1.28282828282828 114.299051660635
1.42424242424242 111.562257555244
1.56565656565657 108.890993669628
1.70707070707071 106.283690938105
1.84848484848485 103.738817864948
1.98989898989899 101.254879624795
2.13131313131313 98.8304171846172
2.27272727272727 96.464006446694
2.41414141414141 94.1542574121217
2.55555555555556 91.8998133643441
2.6969696969697 89.6993500722355
2.83838383838384 87.5515750122642
2.97979797979798 85.4552266092812
3.12121212121212 83.4090734954871
3.26262626262626 81.4119137871431
3.4040404040404 79.4625743785995
3.54545454545455 77.5599102532293
3.68686868686869 75.7028038108599
3.82828282828283 73.8901642113096
3.96969696969697 72.1209267336419
4.11111111111111 70.3940521507627
4.25252525252525 68.7085261189913
4.39393939393939 67.0633585822487
4.53535353535353 65.457583190511
4.67676767676768 63.8902567321882
4.81818181818182 62.360458580094
4.95959595959596 60.8672901506813
5.1010101010101 59.409874376226
5.24242424242424 57.9873551896485
5.38383838383838 56.5988970216715
5.52525252525253 55.2436843100172
5.66666666666667 53.9209210203564
5.80808080808081 52.6298301787289
5.94949494949495 51.3696534151586
6.09090909090909 50.1396505181967
6.23232323232323 48.9390990001318
6.37373737373737 47.7672936726093
6.51515151515151 46.6235462324135
6.65656565656566 45.5071848571665
6.7979797979798 44.4175538107095
6.93939393939394 43.354013057931
7.08080808080808 42.3159378888187
7.22222222222222 41.3027185515135
7.36363636363636 40.3137598941485
7.50505050505051 39.3484810152648
7.64646464646465 38.4063149225977
7.78787878787879 37.4867082000325
7.92929292929293 36.5891206825353
8.07070707070707 35.713025138867
8.21212121212121 34.8579069618946
8.35353535353535 34.0232638663173
8.49494949494949 33.2086055936314
8.63636363636364 32.413453624158
8.77777777777778 31.6373408959672
8.91919191919192 30.879811530532
9.06060606060606 30.1404205649511
9.2020202020202 29.4187336905834
9.34343434343434 28.7143269979409
9.48484848484848 28.0267867276895
9.62626262626263 27.3557090276126
9.76767676767677 26.7006997153933
9.90909090909091 26.0613740470766
10.0505050505051 25.4373564910763
10.1919191919192 24.8282805075922
10.3333333333333 24.2337883333096
10.4747474747475 23.6535307712538
10.6161616161616 23.0871669856762
10.7575757575758 22.5343643018519
10.8989898989899 21.9947980106709
11.040404040404 21.4681511779081
11.1818181818182 20.9541144580604
11.3232323232323 20.452385912641
11.4646464646465 19.9626708328249
11.6060606060606 19.4846815663405
11.7474747474747 19.0181373485065
11.8888888888889 18.5627641373145
12.030303030303 18.1182944524601
12.1717171717172 17.6844672182285
12.3131313131313 17.2610276101421
12.4545454545455 16.8477269052799
12.5959595959596 16.4443223361807
12.7373737373737 16.0505769482449
12.8787878787879 15.6662594605504
13.020202020202 15.2911441300011
13.1616161616162 14.9250106187282
13.3030303030303 14.567643864667
13.4444444444444 14.218833955232
13.5858585858586 13.8783760040169
13.7272727272727 13.5460700304472
13.8686868686869 13.2217208423138
14.010101010101 12.9051379211203
14.1515151515152 12.5961353101744
14.2929292929293 12.2945315053595
14.4343434343434 12.0001493485213
14.5757575757576 11.7128159234081
14.7171717171717 11.4323624541013
14.8585858585859 11.1586242058788
15 10.8914403884522



1 123.60941890964
1.14141414141414 120.649695936197
1.28282828282828 117.760841025697
1.42424242424242 114.941157302319
1.56565656565657 112.188988520501
1.70707070707071 109.502718092079
1.84848484848485 106.880768136725
1.98989898989899 104.321598555119
2.13131313131313 101.82370612432
2.27272727272727 99.3856236147867
2.41414141414141 97.0059189285473
2.55555555555556 94.6831942580057
2.6969696969697 92.4160852648859
2.83838383838384 90.2032602788381
2.97979797979798 88.043419515232
3.12121212121212 85.9352943116812
3.26262626262626 83.8776463828469
3.4040404040404 81.8692670930852
3.54545454545455 79.9089767465102
3.68686868686869 77.9956238940562
3.82828282828283 76.1280846571315
3.96969696969697 74.3052620674661
4.11111111111111 72.5260854227679
4.25252525252525 70.789509657805
4.39393939393939 69.0945147305487
4.53535353535353 67.4401050230136
4.67676767676768 65.8253087564451
4.81818181818182 64.2491774205084
4.95959595959596 62.7107852161468
5.1010101010101 61.2092285117784
5.24242424242424 59.7436253125153
5.38383838383838 58.3131147420914
5.52525252525253 56.9168565371942
5.66666666666667 55.5540305539055
5.80808080808081 54.2238362859597
5.94949494949495 52.9254923945361
6.09090909090909 51.6582362493116
6.23232323232323 50.4213234805009
6.37373737373737 49.2140275416234
6.51515151515151 48.0356392827395
6.65656565656566 46.885466533905
6.7979797979798 45.7628336985997
6.93939393939394 44.6670813568903
7.08080808080808 43.5975658780961
7.22222222222222 42.5536590427286
7.36363636363636 41.5347476734836
7.50505050505051 40.5402332750685
7.64646464646465 39.5695316826547
7.78787878787879 38.6220727187457
7.92929292929293 37.6972998582632
8.07070707070707 36.7946699016511
8.21212121212121 35.9136526558071
8.35353535353535 35.0537306226541
8.49494949494949 34.2143986951691
8.63636363636364 33.395163860689
8.77777777777778 32.5955449113222
8.91919191919192 31.815072161293
9.06060606060606 31.0532871710542
9.2020202020202 30.3097424780056
9.34343434343434 29.5840013336608
9.48484848484848 28.8756374471062
9.62626262626263 28.1842347346035
9.76767676767677 27.5093870751878
9.90909090909091 26.850698072117
10.0505050505051 26.2077808200335
10.1919191919192 25.5802576777016
10.3333333333333 24.9677600461852
10.4747474747475 24.369928152338
10.6161616161616 23.7864108374775
10.7575757575758 23.2168653511187
10.8989898989899 22.6609571496469
11.040404040404 22.1183596998115
11.1818181818182 21.5887542869242
11.3232323232323 21.0718298276504
11.4646464646465 20.5672826872827
11.6060606060606 20.07481650139
11.7474747474747 19.5941420017369
11.8888888888889 19.1249768463709
12.030303030303 18.6670454537791
12.1717171717172 18.2200788410144
12.3131313131313 17.7838144656992
12.4545454545455 17.3579960718109
12.5959595959596 16.9423735391606
12.7373737373737 16.5367027364756
12.8787878787879 16.1407453780002
13.020202020202 15.7542688835295
13.1616161616162 15.3770462417949
13.3030303030303 15.0088558771205
13.4444444444444 14.6494815192726
13.5858585858586 14.2987120764253
13.7272727272727 13.9563415111679
13.8686868686869 13.6221687194811
14.010101010101 13.2959974126114
14.1515151515152 12.9776360017734
14.2929292929293 12.6668974856131
14.4343434343434 12.3635993403656
14.5757575757576 12.0675634126434
14.7171717171717 11.7786158147909
14.8585858585859 11.4965868227457
15 11.2213107763439



1 116.448801106119
1.14141414141414 113.660533068749
1.28282828282828 110.939027750912
1.42424242424242 108.282686575764
1.56565656565657 105.689949243032
1.70707070707071 103.159292812511
1.84848484848485 100.689230809514
1.98989898989899 98.2783123517302
2.13131313131313 95.9251212969998
2.27272727272727 93.6282754114889
2.41414141414141 91.3864255577835
2.55555555555556 89.1982549024235
2.6969696969697 87.0624781424123
2.83838383838384 84.9778407502464
2.97979797979798 82.9431182370219
3.12121212121212 80.9571154331859
3.26262626262626 79.0186657865097
3.4040404040404 77.1266306768707
3.54545454545455 75.279898747442
3.68686868686869 73.4773852518959
3.82828282828283 71.7180314172379
3.96969696969697 70.000803821897
4.11111111111111 68.324693788708
4.25252525252525 66.6887167924267
4.39393939393939 65.0919118814333
4.53535353535353 63.5333411132816
4.67676767676768 62.012089003764
4.81818181818182 60.5272619891674
4.95959595959596 59.0779879014066
5.1010101010101 57.6634154557229
5.24242424242424 56.2827137506511
5.38383838383838 54.935071779959
5.52525252525253 53.6196979562723
5.66666666666667 52.3358196461069
5.80808080808081 51.082682716034
5.94949494949495 49.8595510897115
6.09090909090909 48.665706315523
6.23232323232323 47.5004471445681
6.37373737373737 46.3630891187582
6.51515151515151 45.2529641687747
6.65656565656566 44.1694202216536
6.7979797979798 43.1118208177665
6.93939393939394 42.0795447369723
7.08080808080808 41.0719856337209
7.22222222222222 40.0885516808934
7.36363636363636 39.1286652221704
7.50505050505051 38.1917624327247
7.64646464646465 37.2772929880376
7.78787878787879 36.3847197406453
7.92929292929293 35.5135184046259
8.07070707070707 34.6631772476403
8.21212121212121 33.8331967903472
8.35353535353535 33.0230895130159
8.49494949494949 32.232379569163
8.63636363636364 31.4606025060469
8.77777777777778 30.7073049918537
8.91919191919192 29.9720445494166
9.06060606060606 29.2543892963101
9.2020202020202 28.5539176911679
9.34343434343434 27.8702182860755
9.48484848484848 27.2028894848904
9.62626262626263 26.5515393073501
9.76767676767677 25.9157851588278
9.90909090909091 25.2952536056017
10.0505050505051 24.6895801555041
10.1919191919192 24.0984090438244
10.3333333333333 23.5213930243367
10.4747474747475 22.9581931653325
10.6161616161616 22.4084786505362
10.7575757575758 21.8719265847881
10.8989898989899 21.34822180438
11.040404040404 20.837056691932
11.1818181818182 20.3381309957024
11.3232323232323 19.851151653223
11.4646464646465 19.3758326191591
11.6060606060606 18.911894697289
11.7474747474747 18.4590653765088
11.8888888888889 18.0170786707621
12.030303030303 17.5856749628039
12.1717171717172 17.1646008517044
12.3131313131313 16.7536090040047
12.4545454545455 16.3524580084363
12.5959595959596 15.9609122341195
12.7373737373737 15.5787416921566
12.8787878787879 15.2057219005393
13.020202020202 14.8416337522914
13.1616161616162 14.4862633867679
13.3030303030303 14.1394020640356
13.4444444444444 13.8008460422631
13.5858585858586 13.4703964580442
13.7272727272727 13.147859209589
13.8686868686869 12.8330448427109
14.010101010101 12.5257684395433
14.1515151515152 12.2258495099216
14.2929292929293 11.9331118853655
14.4343434343434 11.6473836156
14.5757575757576 11.3684968675538
14.7171717171717 11.0962878267767
14.8585858585859 10.8305966012168
15 10.5712671273024



1 120.400629084255
1.14141414141414 117.576508430765
1.28282828282828 114.818630433366
1.42424242424242 112.125441302391
1.56565656565657 109.49542369391
1.70707070707071 106.927095854857
1.84848484848485 104.419010788208
1.98989898989899 101.969755437744
2.13131313131313 99.5779498919312
2.27272727272727 97.2422466064843
2.41414141414141 94.9613296451541
2.55555555555556 92.7339139383303
2.6969696969697 90.5587445590333
2.83838383838384 88.4345960158866
2.97979797979798 86.3602715626755
3.12121212121212 84.3346025240987
3.26262626262626 82.3564476373375
3.4040404040404 80.4246924090663
3.54545454545455 78.5382484875478
3.68686868686869 76.6960530494544
3.82828282828283 74.8970682010735
3.96969696969697 73.1402803935575
4.11111111111111 71.42469985189
4.25252525252525 69.7493600172462
4.39393939393939 68.1133170024332
4.53535353535353 66.5156490601033
4.67676767676768 64.9554560634417
4.81818181818182 63.431858999034
4.95959595959596 61.9439994716303
5.1010101010101 60.4910392205242
5.24242424242424 59.0721596472772
5.38383838383838 57.6865613545193
5.52525252525253 56.3334636955687
5.66666666666667 55.0121043346143
5.80808080808081 53.7217388172167
5.94949494949495 52.4616401508807
6.09090909090909 51.2310983954687
6.23232323232323 50.0294202632194
6.37373737373737 48.8559287281495
6.51515151515151 47.7099626446165
6.65656565656566 46.5908763748297
6.7979797979798 45.498039425097
6.93939393939394 44.4308360906045
7.08080808080808 43.3886651085287
7.22222222222222 42.3709393192839
7.36363636363636 41.377085335717
7.50505050505051 40.4065432200605
7.64646464646465 39.4587661684635
7.78787878787879 38.5332202029221
7.92929292929293 37.629383870436
8.07070707070707 36.7467479492215
8.21212121212121 35.8848151618159
8.35353535353535 35.0430998949112
8.49494949494949 34.2211279257592
8.63636363636364 33.4184361549943
8.77777777777778 32.634572345723
8.91919191919192 31.8690948687336
9.06060606060606 31.1215724536818
9.2020202020202 30.3915839461134
9.34343434343434 29.6787180701849
9.48484848484848 28.9825731969513
9.62626262626263 28.3027571180875
9.76767676767677 27.6388868249186
9.90909090909091 26.9905882926319
10.0505050505051 26.3574962695519
10.1919191919192 25.7392540713568
10.3333333333333 25.1355133801228
10.4747474747475 24.5459340480813
10.6161616161616 23.9701839059797
10.7575757575758 23.407938575937
10.8989898989899 22.8588812886893
11.040404040404 22.3227027051216
11.1818181818182 21.7991007419863
11.3232323232323 21.2877804017091
11.4646464646465 20.7884536061875
11.6060606060606 20.3008390344874
11.7474747474747 19.8246619643465
11.8888888888889 19.3596541173959
12.030303030303 18.9055535080121
12.1717171717172 18.4621042957138
12.3131313131313 18.0290566410216
12.4545454545455 17.606166564698
12.5959595959596 17.1931958102899
12.7373737373737 16.7899117098941
12.8787878787879 16.3960870530727
13.020202020202 16.0114999588426
13.1616161616162 15.6359337506671
13.3030303030303 15.2691768343809
13.4444444444444 14.9110225789776
13.5858585858586 14.5612692001936
13.7272727272727 14.2197196468228
13.8686868686869 13.886181489698
14.010101010101 13.5604668132762
14.1515151515152 13.2423921097667
14.2929292929293 12.9317781757429
14.4343434343434 12.628450011179
14.5757575757576 12.3322367208549
14.7171717171717 12.0429714180739
14.8585858585859 11.7604911306381
15 11.4846367090306



1 119.552271004985
1.14141414141414 116.631365718481
1.28282828282828 113.781824092583
1.42424242424242 111.001902567827
1.56565656565657 108.289900183457
1.70707070707071 105.644157536647
1.84848484848485 103.06305576716
1.98989898989899 100.545015566811
2.13131313131313 98.0884962131256
2.27272727272727 95.6919946266167
2.41414141414141 93.3540444510873
2.55555555555556 91.0732151564068
2.6969696969697 88.8481111632069
2.83838383838384 86.6773709889635
2.97979797979798 84.5596664149416
3.12121212121212 82.4937016734926
3.26262626262626 80.4782126552089
3.4040404040404 78.5119661354483
3.54545454545455 76.5937590197564
3.68686868686869 74.7224176077247
3.82828282828283 72.8967968748346
3.96969696969697 71.1157797718465
4.11111111111111 69.3782765413072
4.25252525252525 67.6832240507559
4.39393939393939 66.0295851422213
4.53535353535353 64.4163479976122
4.67676767676768 62.8425255196127
4.81818181818182 61.307154727703
4.95959595959596 59.8092961689373
5.1010101010101 58.3480333431171
5.24242424242424 56.9224721420092
5.38383838383838 55.5317403022638
5.52525252525253 54.1749868717003
5.66666666666667 52.8513816886314
5.80808080808081 51.5601148739094
5.94949494949495 50.3003963353824
6.09090909090909 49.0714552844578
6.23232323232323 47.8725397644769
6.37373737373737 46.7029161906125
6.51515151515151 45.5618689010077
6.65656565656566 44.4486997188813
6.7979797979798 43.3627275253316
6.93939393939394 42.303287842578
7.08080808080808 41.2697324273843
7.22222222222222 40.2614288744159
7.36363636363636 39.2777602292874
7.50505050505051 38.3181246110649
7.64646464646465 37.3819348439903
7.78787878787879 36.4686180982045
7.92929292929293 35.5776155392475
8.07070707070707 34.7083819861227
8.21212121212121 33.8603855777144
8.35353535353535 33.0331074473566
8.49494949494949 32.226041405352
8.63636363636364 31.4386936292476
8.77777777777778 30.670582361678
8.91919191919192 29.9212376155907
9.06060606060606 29.1902008866733
9.2020202020202 28.4770248728069
9.34343434343434 27.7812732003737
9.48484848484848 27.1025201572516
9.62626262626263 26.4403504323318
9.76767676767677 25.7943588614012
9.90909090909091 25.164150179233
10.0505050505051 24.5493387777345
10.1919191919192 23.949548470003
10.3333333333333 23.3644122601479
10.4747474747475 22.7935721187349
10.6161616161616 22.2366787637173
10.7575757575758 21.6933914467199
10.8989898989899 21.1633777445437
11.040404040404 20.6463133557647
11.1818181818182 20.1418819023031
11.3232323232323 19.6497747358392
11.4646464646465 19.16969074896
11.6060606060606 18.7013361909194
11.7474747474747 18.2444244878997
11.8888888888889 17.7986760676651
12.030303030303 17.3638181884981
12.1717171717172 16.9395847723167
12.3131313131313 16.5257162418679
12.4545454545455 16.1219593618992
12.5959595959596 15.7280670842108
12.7373737373737 15.343798396493
12.8787878787879 14.9689181748575
13.020202020202 14.6031970399711
13.1616161616162 14.2464112167044
13.3030303030303 13.8983423972099
13.4444444444444 13.5587776073451
13.5858585858586 13.2275090763594
13.7272727272727 12.9043341097641
13.8686868686869 12.5890549653098
14.010101010101 12.2814787319922
14.1515151515152 11.981417212016
14.2929292929293 11.6886868056406
14.4343434343434 11.4031083988409
14.5757575757576 11.1245072537119
14.7171717171717 10.8527129015513
14.8585858585859 10.5875590385542
15 10.3288834240558
