-3.14159265358979	-1.22460635382238E-16 -1 1
-2.81660031011499	-0.31930153013598 -0.947653171182802 0.947653171182802
-2.49160796664018	-0.605174215193765 -0.796093065705644 0.796093065705644
-2.16661562316537	-0.827688998156891 -0.561187065362382 0.561187065362382
-1.84162327969057	-0.963549992519223 -0.267528338529221 0.267528338529221
-1.51663093621576	-0.998533413851124 0.0541389085854174 -0.0541389085854174
-1.19163859274096	-0.928976719816791 0.370138155339914 -0.370138155339914
-0.86664624926615	-0.762162055127636 0.647386284781828 -0.647386284781828
-0.541653905791343	-0.515553857177022 0.856857176167589 -0.856857176167589
-0.216661562316538	-0.214970440211024 0.976620555710087 -0.976620555710087
0.108330781158268	0.108119018423941 0.99413795715436 -0.99413795715436
0.433323124633075	0.419889101560265 0.907575419670957 -0.907575419670957
0.758315468107881	0.687699458853423 0.725995491923131 -0.725995491923131
1.08330781158269	0.883512044446023 0.468408440699791 -0.468408440699791
1.40830015505749	0.986826522541526 0.161781996552765 -0.161781996552765
1.7332924985323	0.986826522541526 -0.161781996552765 0.161781996552765
2.05828484200711	0.883512044446023 -0.46840844069979 0.46840844069979
2.38327718548191	0.687699458853423 -0.725995491923131 0.725995491923131
2.70826952895672	0.419889101560265 -0.907575419670957 0.907575419670957
3.03326187243152	0.108119018423942 -0.99413795715436 0.99413795715436
3.35825421590633	-0.214970440211023 -0.976620555710087 0.976620555710087
3.68324655938114	-0.515553857177022 -0.856857176167589 0.856857176167589
4.00823890285594	-0.762162055127637 -0.647386284781827 0.647386284781827
4.33323124633075	-0.928976719816791 -0.370138155339914 0.370138155339914
4.65822358980556	-0.998533413851124 -0.0541389085854179 0.0541389085854179
4.98321593328036	-0.963549992519223 0.26752833852922 -0.26752833852922
5.30820827675517	-0.827688998156891 0.561187065362381 -0.561187065362381
5.63320062022997	-0.605174215193766 0.796093065705643 -0.796093065705643
5.95819296370478	-0.31930153013598 0.947653171182802 -0.947653171182802
6.28318530717959	-2.44921270764475E-16 1 -1


-3.14159265358979 -0.00334901185691317 -0.70727432597485 1
-3.12596765358979 -0.0146271131797564 -0.736098786885442 0.999860147968039
-3.11034265358979 -0.026345032301396 -0.763566604593908 0.999540611923825
-3.09471765358979 -0.038481377329955 -0.789653662322877 0.99903468634777
-3.07909265358979 -0.0510144149542937 -0.814340363618388 0.998336002727908
-3.06346765358979 -0.06392214048776 -0.837611554507513 0.997438534345768
-3.04784265358979 -0.0771823465670514 -0.859456429353436 0.996336599977991
-3.03221765358979 -0.090772690259051 -0.879868421389623 0.995024866536654
-3.01659265358979 -0.10467075834427 -0.898845078967226 0.993498350675004
-3.00096765358979 -0.118854130562034 -0.916387928594374 0.991752419388791
-2.98534265358979 -0.133300440619713 -0.932502325882559 0.98978278964662
-2.96971765358979 -0.147987434785942 -0.94719729554381 0.987585527085683
-2.95409265358979 -0.162893027905828 -0.960485361603023 0.98515704381192
-2.93846765358979 -0.177995356694435 -0.972382369002625 0.982494095346023
-2.92284265358979 -0.193272830183298 -0.982907297782015 0.979593776758824
-2.90721765358979 -0.208704177213172 -0.992082071012121 0.976453518041406
-2.89159265358979 -0.22426849088459 -0.999931357656209 0.973071078756803
-2.87596765358979 -0.239945269896033 -1.00648237151213 0.969444542021393
-2.86034265358979 -0.255714456717345 -1.01176466736886 0.965572307865057
-2.84471765358979 -0.271556472563533 -1.0158099354817 0.961453086019834
-2.82909265358979 -0.287452249151116 -1.01865179543677 0.957085888187235
-2.81346765358979 -0.303383257235567 -1.02032559043595 0.952470019834529
-2.79784265358979 -0.319331531944199 -1.02086818298998 0.947605071570182
-2.78221765358979 -0.335279694933919 -1.02031775295905 0.942490910148336
-2.76659265358979 -0.351210973417507 -1.01871359882881 0.937127669151596
-2.75096765358979 -0.36710921611558 -1.01609594305443 0.931515739400631
-2.73534265358979 -0.382958906203908 -1.01250574224779 0.925655759138107
-2.71971765358979 -0.398745171337456 -1.00798450292303 0.919548604033259
-2.70409265358979 -0.414453790843156 -1.00257410345391 0.91319537705209
-2.68846765358979 -0.430071200183183 -0.996316622833478 0.906597398236641
-2.67284265358979 -0.445584492799217 -0.989254176763003 0.899756194435137
-2.65721765358979 -0.460981419455911 -0.981428761533097 0.892673489023009
-2.64159265358979 -0.47625038520851 -0.97288210609592 0.885351191652902
-2.62596765358979 -0.491380444125328 -0.9636555326642 0.87779138806978
-2.61034265358979 -0.506361291900509 -0.953789826110285 0.869996330025154
-2.59471765358979 -0.521183256496324 -0.943325112377335 0.86196842532231
-2.57909265358979 -0.535837286957084 -0.932300746055345 0.853710228022222
-2.56346765358979 -0.550314940538679 -0.920755207217099 0.845224428837599
-2.54784265358979 -0.564608368298819 -0.908726007553983 0.836513845740247
-2.53221765358979 -0.578710299293253 -0.896249605798727 0.827581414804658
-2.51659265358979 -0.592614023522647 -0.883361332372158 0.818430181308488
-2.50096765358979 -0.606313373773429 -0.870095323143906 0.809063291108312
-2.48534265358979 -0.619802706493894 -0.856484462152931 0.799483982306836
-2.46971765358979 -0.633076881844049 -0.842560333092927 0.789695577225559
-2.45409265358979 -0.646131243054421 -0.828353179330109 0.779701474694716
-2.43846765358979 -0.658961595225074 -0.813891872186757 0.769505142670293
-2.42284265358979 -0.671564183691725 -0.799203887193184 0.759110111185848
-2.40721765358979 -0.683935672080946 -0.784315287983511 0.748519965644941
-2.39159265358979 -0.696073120171202 -0.769250717486812 0.737738340458127
-2.37596765358979 -0.707973961670864 -0.754033396044799 0.726768913026646
-2.36034265358979 -0.719635982018406 -0.738685126070101 0.715615398073306
-2.34471765358979 -0.731057296303911 -0.723226302845452 0.704281542319406
-2.32909265358979 -0.742236327404604 -0.707675931053448 0.69277111950508
-2.31346765358979 -0.753171784420735 -0.692051646619032 0.68108792574904
-2.29784265358979 -0.76386264149149 -0.676369743442229 0.669235775242385
-2.28221765358979 -0.774308117064061 -0.660645204596879 0.657218496269961
-2.26659265358979 -0.784507653682315 -0.64489173757194 0.645039927551671
-2.25096765358979 -0.79446089835496 -0.629121813135269 0.632703914895124
-2.23534265358979 -0.804167683556554 -0.613346707405427 0.62021430815016
-2.21971765358979 -0.813628008908292 -0.597576546724814 0.60757495845498
-2.20409265358979 -0.822842023579237 -0.581820354937175 0.594789715762928
-2.18846765358979 -0.831810009442518 -0.566086102684004 0.581862426638403
-2.17284265358979 -0.840532365015133 -0.550380758347456 0.568796932309865
-2.15721765358979 -0.849009590204253 -0.534710340281827 0.555597066967508
-2.14159265358979 -0.857242271877472 -0.519079969991381 0.542266656292848
-2.12596765358979 -0.865231070269224 -0.503493925928996 0.528809516207267
-2.11034265358979 -0.872976706230636 -0.487955697607695 0.515229451826366
-2.09471765358979 -0.880479949325424 -0.472468039735383 0.501530256606926
-2.07909265358979 -0.887741606770042 -0.457033026101922 0.487715711673286
-2.06346765358979 -0.894762513212239 -0.441652102966807 0.473789585309948
-2.04784265358979 -0.901543521338367 -0.426326141715088 0.459755632607425
-2.03221765358979 -0.908085493296321 -0.411055490568659 0.445617595248443
-2.01659265358979 -0.914389292917817 -0.395840025159382 0.431379201421896
-2.00096765358979 -0.920455778720839 -0.380679197789775 0.417044165852211
-1.98534265358979 -0.926285797670503 -0.36557208522591 0.402616189932089
-1.96971765358979 -0.931880179674318 -0.35051743488569 0.38809896194696
-1.95409265358979 -0.937239732785814 -0.335513709303743 0.373496157379892
-1.93846765358979 -0.942365239088805 -0.320559128771663 0.358811439286075
-1.92284265358979 -0.947257451233088 -0.30565171206914 0.344048458726494
-1.90721765358979 -0.951917089591195 -0.290789315217713 0.329210855250837
-1.89159265358979 -0.956344840004869 -0.275969668204233 0.314302257420179
-1.87596765358979 -0.960541352089229 -0.261190409635716 0.299326283360481
-1.86034265358979 -0.964507238062083 -0.246449119301036 0.284286541338435
-1.84471765358979 -0.968243072065582 -0.231743348627782 0.269186630351724
-1.82909265358979 -0.97174938994731 -0.217070649034626 0.254030140726233
-1.81346765358979 -0.975026689468017 -0.202428598190662 0.238820654713319
-1.79784265358979 -0.978075430903421 -0.187814824203398 0.223561747080705
-1.78221765358979 -0.980896038007974 -0.173227027766438 0.208256985691105
-1.76659265358979 -0.983488899308995 -0.158663002306305 0.19290993206317
-1.75096765358979 -0.985854369700262 -0.144120652175472 0.177524141909833
-1.73534265358979 -0.987992772304954 -0.129598008945369 0.162103165649604
-1.71971765358979 -0.989904400578722 -0.115093245859062 0.146650548886858
-1.70409265358979 -0.991589520624605 -0.100604690508389 0.131169832857555
-1.68846765358979 -0.993048373692624 -0.0861308358046806 0.115664554837326
-1.67284265358979 -0.994281178837917 -0.0716703493158082 0.10013824850922
-1.65721765358979 -0.995288135712501 -0.0572220810451929 0.0845944442888507
-1.64159265358979 -0.996069427466915 -0.04278506973067 0.0690366696050244
-1.62596765358979 -0.99662522373923 -0.0283585477427231 0.0534684491343289
-1.61034265358979 -0.996955683710185 -0.0139419446626629 0.0378933049884658
-1.59471765358979 -0.997060959204438 0.000465110378175147 0.0223147568534676
-1.57909265358979 -0.996941197819218 0.0148627875171163 0.00673632208021835
-1.56346765358979 -0.996596546062922 0.0292510560560551 -0.00883848427401146
-1.54784265358979 -0.996027152487428 0.0436296853547872 -0.0244061494530436
-1.53221765358979 -0.995233170799186 0.0579982466431794 -0.0399631630580599
-1.51659265358979 -0.994214762935306 0.0723561156751657 -0.0555060171522308
-1.50096765358979 -0.9929721020921 0.086702476149398 -0.0710312064130492
-1.48534265358979 -0.991505375694654 0.101036323823507 -0.0865352283315386
-1.46971765358979 -0.989814788297168 0.115356471251253 -0.102014583457333
-1.45409265358979 -0.987900564404851 0.129661553074386 -0.117465775688474
-1.43846765358979 -0.985762951209227 0.143950031803704 -0.132885312604631
-1.42284265358979 -0.983402221229701 0.158220204026614 -0.148269705842339
-1.40721765358979 -0.980818674855191 0.172470206981408 -0.163615471510738
-1.39159265358979 -0.978012642780541 0.186698025441449 -0.178919130646207
-1.37596765358979 -0.974984488333303 0.200901498855481 -0.194177209704221
-1.36034265358979 -0.971734609687279 0.215078328693337 -0.209386241086672
-1.34471765358979 -0.968263441960002 0.229226085949363 -0.22454276370289
-1.32909265358979 -0.964571459192025 0.243342218758943 -0.239643323562502
-1.31346765358979 -0.960659176206599 0.257424060086483 -0.25468447439829
-1.29784265358979 -0.956527150348924 0.271468835446218 -0.269662778317166
-1.28221765358979 -0.952175983104727 0.285473670620074 -0.28457480647738
-1.26659265358979 -0.947606321598506 0.299435599339673 -0.299417139790075
-1.25096765358979 -0.942818859972204 0.313351570902327 -0.314186369643324
-1.23534265358979 -0.937814340645595 0.327218457693504 -0.328879098646769
-1.21971765358979 -0.932593555460009 0.34103306259085 -0.343491941395055
-1.20409265358979 -0.927157346707462 0.354792126227305 -0.358021525248229
-1.18846765358979 -0.921506608047511 0.368492334093202 -0.372464491127335
-1.17284265358979 -0.915642285314535 0.382130323459506 -0.386817494323485
-1.15721765358979 -0.909565377218331 0.395702690106499 -0.401077205318696
-1.14159265358979 -0.903276935941179 0.409205994844212 -0.415240310616869
-1.12596765358979 -0.896778067634744 0.422636769812872 -0.429303513583305
-1.11034265358979 -0.890069932820309 0.435991524553396 -0.443263535291231
-1.09471765358979 -0.883153746696006 0.449266751839682 -0.457117115373836
-1.07909265358979 -0.876030779354831 0.462458933266037 -0.470861012880422
-1.06346765358979 -0.868702355917294 0.475564544584549 -0.484492007135275
-1.04784265358979 -0.861169856582663 0.488580060788595 -0.498006898597981
-1.03221765358979 -0.853434716602763 0.501501960939975 -0.511402509723914
-1.01659265358979 -0.845498426182381 0.514326732738304 -0.52467568582376
-1.00096765358979 -0.837362530310275 0.52705087683243 -0.537823295920914
-0.985342653589793 -0.829028628524838 0.539670910874606 -0.550842233605737
-0.969717653589793 -0.820498374618413 0.552183373319104 -0.563729417885659
-0.954092653589793 -0.811773476284232 0.564584826967753 -0.576481794030213
-0.938467653589793 -0.802855694709914 0.576871862265682 -0.589096334410123
-0.922842653589793 -0.793746844121399 0.589041100351218 -0.601570039329661
-0.907217653589793 -0.784448791281104 0.601089195864513 -0.613899937851496
-0.891592653589793 -0.774963454944066 0.613012839520058 -0.626083088613389
-0.875967653589793 -0.76529280527568 0.624808760448692 -0.638116580636078
-0.860342653589793 -0.755438863234614 0.636473728315236 -0.649997534121774
-0.844717653589793 -0.745403699924345 0.648004555218193 -0.661723101242794
-0.829092653589793 -0.735189435916669 0.659398097378371 -0.673290466919811
-0.813467653589793 -0.724798240550432 0.670651256623553 -0.684696849589356
-0.797842653589793 -0.714232331208603 0.681760981676614 -0.695939501960177
-0.782217653589793 -0.703493972576715 0.692724269254695 -0.707015711758158
-0.766592653589793 -0.692585475885547 0.703538164987276 -0.717922802459527
-0.750967653589793 -0.681509198140831 0.714199764161083 -0.728658134012116
-0.735342653589793 -0.670267541342618 0.724706212299967 -0.739219103544515
-0.719717653589793 -0.658862951696818 0.735054705587943 -0.749603146062954
-0.704092653589793 -0.647297918821303 0.745242491143673 -0.759807735135821
-0.688467653589793 -0.635574974948826 0.755266867154751 -0.769830383565751
-0.672842653589793 -0.623696694128886 0.765125182880148 -0.779668644049249
-0.657217653589793 -0.611665691430525 0.774814838529236 -0.789320109823846
-0.641592653589793 -0.599484622147931 0.784333285025755 -0.798782415302814
-0.625967653589793 -0.587156181010564 0.793678023665134 -0.808053236697515
-0.610342653589793 -0.574683101399427 0.802846605673486 -0.817130292627434
-0.594717653589793 -0.562068154570933 0.811836631676589 -0.826011344718048
-0.579092653589793 -0.549314148889722 0.820645751087103 -0.834694198186607
-0.563467653589793 -0.536423929071637 0.829271661418179 -0.84317670241604
-0.547842653589793 -0.523400375437951 0.837712107531567 -0.851456751517086
-0.532217653589793 -0.510246403181795 0.845964880828211 -0.859532284878889
-0.516592653589793 -0.496964961647634 0.854027818389243 -0.867401287708221
-0.500967653589793 -0.48355903362451 0.861898802075152 -0.875061791557561
-0.485342653589793 -0.470031634653618 0.869575757590787 -0.882511874842233
-0.469717653589793 -0.456385812350732 0.877056653523759 -0.889749663346846
-0.454092653589793 -0.442624645743796 0.884339500363602 -0.896773330721268
-0.438467653589793 -0.428751244625957 0.891422349508982 -0.903581098966364
-0.422842653589793 -0.414768748924148 0.898303292270026 -0.910171238909747
-0.407217653589793 -0.400680328083262 0.904980458872722 -0.916542070671791
-0.391592653589793 -0.386489180465809 0.91145201747215 -0.922691964122136
-0.375967653589793 -0.372198532766895 0.91771617318113 -0.928619339326938
-0.360342653589793 -0.357811639444205 0.923771167120702 -0.934322666987088
-0.344717653589793 -0.34333178216261 0.929615275498639 -0.939800468867653
-0.329092653589793 -0.328762269252925 0.935246808721999 -0.945051318218735
-0.313467653589793 -0.314106435184217 0.940664110549543 -0.950073840187989
-0.297842653589793 -0.299367640049019 0.945865557289579 -0.954866712224993
-0.282217653589793 -0.284549269060676 0.950849557048632 -0.959428664477677
-0.266592653589793 -0.269654732062014 0.955614549036052 -0.963758480180977
-0.250967653589793 -0.254687463044395 0.960159002929493 -0.967854996037905
-0.235342653589793 -0.23965091967618 0.964481418305914 -0.971717102593175
-0.219717653589793 -0.22454858283955 0.968580324142519 -0.97534374459952
-0.204092653589793 -0.209383956174545 0.972454278391818 -0.978733921376848
-0.188467653589793 -0.194160565629137 0.976101867634691 -0.981886687164302
-0.172842653589793 -0.178881959014094 0.979521706815119 -0.984801151465344
-0.157217653589793 -0.163551705561329 0.98271243905993 -0.987476479385904
-0.141592653589793 -0.148173395484378 0.985672735586675 -0.989911891965651
-0.125967653589793 -0.13275063953961 0.988401295702434 -0.992106666502405
-0.110342653589793 -0.117287068586736 0.990896846896079 -0.994060136869684
-0.0947176535897931 -0.10178633314712 0.993158145026244 -0.99577169382737
-0.0790926535897931 -0.0862521029584006 0.995183974606941 -0.997240785325455
-0.0634676535897931 -0.0706880665238764 0.99697314919246 -0.998466916800778
-0.0478426535897931 -0.0550979306550862 0.998524511862929 -0.999449651466674
-0.0322176535897931 -0.0394854200060151 0.999836935811543 -1.00018861059542
-0.0165926535897931 -0.023854276597323 1.00090932503424 -1.00068347379331
-0.000967653589793116 -0.00820825932899374 1.00174061512221 -1.00093397926822
0.0146573464102069 0.00744885652020112 1.00232977415743 -1.00093992408948
0.0302823464102069 0.0231132798080391 1.00267580371098 -1.00070116443973
0.0459073464102069 0.0387812040605778 1.00277773994363 -1.00021761585872
0.0615323464102069 0.05444880802188 1.00263465480801 -0.999489253478551
0.0771573464102069 0.0701122562233069 1.0022456573511 -0.998516112250251
0.0927823464102069 0.0857676995739387 1.00160989511567 -0.997298287161245
0.108407346410207 0.101411275973655 1.00072655563906 -0.995835933443454
0.124032346410207 0.11703911095038 0.999594868047008 -0.994129266771613
0.139657346410207 0.132647318322958 0.998214104740436 -0.992178563451445
0.155282346410207 0.148232000891097 0.996583583172414 -0.989984160597255
0.170907346410207 0.16378925115376 0.994702667712391 -0.98754645629853
0.186532346410207 0.179315152057349 0.99257077159448 -0.984865909775088
0.202157346410207 0.194805777774959 0.990187358946256 -0.981943041520282
0.217782346410207 0.210257194517947 0.987551946894261 -0.978778433431794
0.233407346410207 0.225665461380957 0.984664107742143 -0.975372728929471
0.249032346410207 0.241026631221535 0.981523471217052 -0.971726633059706
0.264657346410207 0.256336751575333 0.978129726779668 -0.967840912585782
0.280282346410207 0.271591865607879 0.974482625992976 -0.963716396063645
0.295907346410207 0.286788013103787 0.970581984944634 -0.959353973902505
0.311532346410207 0.301921231494193 0.966427686717547 -0.954754598409686
0.327157346410207 0.316987556923141 0.962019683903001 -0.94991928381912
0.342782346410207 0.331983025353527 0.957358001150512 -0.944849106302871
0.358407346410207 0.346903673713134 0.95244273774828 -0.939545203965064
0.374032346410207 0.361745541081181 0.947274070227959 -0.934008776817586
0.389657346410207 0.376504669915724 0.941852254987233 -0.928241086736945
0.405282346410207 0.391177107322131 0.936177630923486 -0.922243457401608
0.420907346410207 0.40575890636274 0.93025062207169 -0.916017274209218
0.436532346410207 0.420246127407737 0.924071740239446 -0.909563984173009
0.452157346410207 0.434634839527121 0.917641587631938 -0.902885095796805
0.467782346410207 0.448921121923572 0.91096085945944 -0.895982178927941
0.483407346410207 0.463101065405862 0.904030346519847 -0.888856864587482
0.499032346410207 0.477170773902386 0.896850937748576 -0.881510844777106
0.514657346410207 0.491126366014221 0.889423622728077 -0.873945872262025
0.530282346410207 0.504963976607035 0.88174949414909 -0.866163760329344
0.545907346410207 0.518679758441016 0.873829750215673 -0.858166382521236
0.561532346410207 0.532269883837903 0.865665696985977 -0.849955672342364
0.577157346410207 0.545730546384018 0.85725875064066 -0.841533622940976
0.592782346410207 0.559057962668139 0.84861043967079 -0.832902286763112
0.608407346410207 0.572248374052872 0.839722406977059 -0.824063775179394
0.624032346410207 0.585298048478072 0.830596411872096 -0.815020258083889
0.639657346410207 0.598203282294745 0.821234331977677 -0.805773963464546
0.655282346410207 0.61096040212772 0.811638165008641 -0.79632717694476
0.670907346410207 0.623565766765252 0.801810030435336 -0.786682241295614
0.686532346410207 0.636015769073604 0.791752171016488 -0.776841555918396
0.702157346410207 0.648306837934509 0.781466954194432 -0.766807576297028
0.717782346410207 0.660435440203312 0.770956873344729 -0.756582813420045
0.733407346410207 0.672398082685444 0.760224548872299 -0.746169833171844
0.749032346410207 0.684191314128773 0.74927272914631 -0.735571255692915
0.764657346410207 0.695811727229258 0.738104291266212 -0.724789754708836
0.780282346410207 0.707255960647199 0.726722241651452 -0.713828056827845
0.795907346410207 0.718520701031277 0.715129716447599 -0.702688940806846
0.811532346410207 0.729602685047464 0.70332998174179 -0.691375236785737
0.827157346410207 0.74049870140976 0.691326433580643 -0.679889825490032
0.842782346410207 0.751205592909625 0.679122597784038 -0.668235637401747
0.858407346410207 0.761720258440865 0.666722129548393 -0.656415651898616
0.874032346410207 0.772039655016635 0.654128812833406 -0.644432896361719
0.889657346410207 0.782160799775129 0.641346559526503 -0.632290445251679
0.905282346410207 0.792080771970449 0.628379408379601 -0.619991419153639
0.920907346410207 0.801796714945039 0.61523152371313 -0.607538983791259
0.936532346410207 0.811305838080025 0.60190719388268 -0.594936349010071
0.952157346410207 0.82060541871972 0.588410829504011 -0.58218676773055
0.967782346410207 0.829692804066473 0.574746961432649 -0.569293534871349
0.983407346410207 0.838565413042012 0.560920238494714 -0.556259986243175
0.999032346410207 0.847220738111373 0.546935424966146 -0.543089497413876
1.01465734641021 0.855656347065457 0.532797397798005 -0.529785482545341
1.03028234641021 0.863869884758237 0.51851114358606 -0.516351393202906
1.04590734641021 0.871859074794611 0.504081755283461 -0.502790717137981
1.06153234641021 0.879621721164875 0.489514428655884 -0.489106977044733
1.07715734641021 0.887155709821799 0.474814458479165 -0.475303729291663
1.09278234641021 0.894459010196283 0.459987234480075 -0.461384562629019
1.10840734641021 0.901529676647586 0.445038237021601 -0.447353096873032
1.12403234641021 0.908365849844158 0.429973032534739 -0.43321298156803
1.13965734641021 0.914965758071127 0.414797268699596 -0.418967894627545
1.15528234641021 0.921327718460559 0.399516669379299 -0.404621540955587
1.17090734641021 0.927450138140654 0.384137029310992 -0.390177651049324
1.18653234641021 0.933331515300124 0.368664208559017 -0.375639979584467
1.20215734641021 0.938970440164079 0.35310412673614 -0.361012303984702
1.21778234641021 0.944365595877858 0.337462756999571 -0.3462984229766
1.23340734641021 0.949515759295328 0.321746119829316 -0.331502155131453
1.24903234641021 0.954419801668334 0.305960276597311 -0.316627337395555
1.26465734641021 0.959076689234077 0.290111322936623 -0.301677823610515
1.28028234641021 0.96348548369741 0.274205381920918 -0.286657483025206
1.29590734641021 0.967645342605131 0.258248597065263 -0.271570198801011
1.31153234641021 0.971555519609614 0.242247125160243 -0.256419866512088
1.32715734641021 0.975215364619236 0.22620712895227 -0.241210392642403
1.34278234641021 0.978624323833342 0.210134769683862 -0.225945693081295
1.35840734641021 0.981781939659629 0.194036199508542 -0.210629691619426
1.37403234641021 0.984687850512158 0.177917553795943 -0.19526631844695
1.38965734641021 0.987341790488362 0.161784943343518 -0.179859508655772
1.40528234641021 0.989743588923759 0.145644446512164 -0.164413200747819
1.42090734641021 0.991893169823293 0.129502101303887 -0.148931335151222
1.43653234641021 0.993790551168576 0.113363897400447 -0.133417852746362
1.45215734641021 0.995435844100538 0.0972357681827236 -0.117876693403703
1.46778234641021 0.996829251977381 0.0811235827512853 -0.102311794535377
1.48340734641021 0.997971069307982 0.0650331379693772 -0.0867270896624586
1.49903234641021 0.998861680561301 0.0489701505502002 -0.0711265069998803
1.51465734641021 0.999501558852635 0.0329402492109994 -0.0555139680609051
1.53028234641021 0.999891264507959 0.0169489669170419 -0.0398933862830877
1.54590734641021 1.00003144350792 0.00100173323909639 -0.0242686656776099
1.56153234641021 0.9999228258135 -0.0148961331515286 -0.00864369950385302
1.57715734641021 0.999566223575569 -0.0307394318259296 0.00697763102895688
1.59278234641021 0.998962529231226 -0.046523087753771 0.0225914580312381
1.60840734641021 0.998112713489879 -0.0622421582476472 0.0381939281719337
1.62403234641021 0.997017823212664 -0.0778918396704765 0.0537812038850858
1.63965734641021 0.995678979189077 -0.0934674738806807 0.0693494645424666
1.65528234641021 0.994097373815103 -0.108964554389923 0.0848949075906971
1.67090734641021 0.992274268677547 -0.124378732208284 0.100413749651341
1.68653234641021 0.990210992049642 -0.139705821351986 0.115902227582562
1.70215734641021 0.987908936303382 -0.154941803989054 0.131356599500984
1.71778234641021 0.985369555244452 -0.17008283519877 0.146773145762513
1.73340734641021 0.982594361375963 -0.185125247321258 0.162148169900951
1.74903234641021 0.979584923097569 -0.200065553874219 0.177477999523335
1.76465734641021 0.976342861846918 -0.214900453014563 0.192758987161065
1.78028234641021 0.97286984919071 -0.229626830523582 0.207987511075956
1.79590734641021 0.969167603872964 -0.244241762295265 0.223159976020491
1.81153234641021 0.965237888828418 -0.258742516308498 0.238272813951676
1.82715734641021 0.961082508169257 -0.273126554065095 0.253322484698013
1.84278234641021 0.956703304153665 -0.287391531476961 0.268305476579223
1.85840734641021 0.952102154144907 -0.301535299187133 0.283218306978534
1.87403234641021 0.947280967569914 -0.315555902311047 0.298057522867429
1.88965734641021 0.942241682886525 -0.329451579586044 0.31281970128293
1.90528234641021 0.936986264568692 -0.343220761918939 0.327501449757623
1.92090734641021 0.931516700119154 -0.356862070323379 0.342099406702781
1.93653234641021 0.925834997119144 -0.370374313240723 0.356610241745082
1.95215734641021 0.919943180324794 -0.383756483240287 0.371030656017589
1.96778234641021 0.913843288819972 -0.397007753096982 0.385357382405779
1.98340734641021 0.907537373235267 -0.410127471246659 0.399587185749597
1.99903234641021 0.901027493042824 -0.423115156621839 0.413716863002637
2.01465734641021 0.894315713936689 -0.435970492872914 0.427743243349704
2.03028234641021 0.887404105308196 -0.448693321982408 0.441663188284177
2.04590734641021 0.880294737825804 -0.461283637282413 0.455473591646735
2.06153234641021 0.872989681128632 -0.473741575887915 0.469171379627134
2.07715734641021 0.865491001642673 -0.486067410561298 0.482753510730897
2.09278234641021 0.857800760528464 -0.498261541025981 0.496216975712903
2.10840734641021 0.84992101176865 -0.510324484749752 0.50955879747998
2.12403234641021 0.841853800403549 -0.522256867221016 0.522776030964772
2.13965734641021 0.833601160922449 -0.534059411743768 0.53586576297324
2.15528234641021 0.825165115817933 -0.545732928779704 0.548825112008285
2.17090734641021 0.816547674310074 -0.55727830486841 0.561651228072115
2.18653234641021 0.807750831246831 -0.568696491159065 0.574341292450032
2.20215734641021 0.798776566186439 -0.579988491589494 0.586892517478462
2.21778234641021 0.789626842667011 -0.591155350750741 0.599302146300096
2.23340734641021 0.780303607667953 -0.602198141477559 0.611567452609121
2.24903234641021 0.77080879126714 -0.613117952207322 0.623685740389549
2.26465734641021 0.76114430649713 -0.623915874151871 0.63565434364975
2.28028234641021 0.751312049402981 -0.634592988328616 0.647470626156304
2.29590734641021 0.741313899303498 -0.645150352498954 0.659131981170351
2.31153234641021 0.731151719256957 -0.655588988063562 0.670635831189608
2.32715734641021 0.720827356731611 -0.665909866965467 0.681979627699279
2.34278234641021 0.71034264448043 -0.67611389865297 0.693160850935021
2.35840734641021 0.699699401618731 -0.686201917155449 0.704177009661179
2.37403234641021 0.68889943490252 -0.696174668325787 0.715025640967424
2.38965734641021 0.677944540204515 -0.706032797303725 0.725704310086915
2.40528234641021 0.666836504183976 -0.715776836254686 0.736210610239041
2.42090734641021 0.655577106145602 -0.725407192438696 0.746542162499747
2.43653234641021 0.644168120081924 -0.734924136663812 0.756696615702333
2.45215734641021 0.632611316892755 -0.744327792178016 0.766671646371571
2.46778234641021 0.620908466774428 -0.753618124052838 0.776464958693825
2.48340734641021 0.609061341770739 -0.762794929110996 0.78607428452579
2.49903234641021 0.597071718476682 -0.771857826449113 0.795497383444283
2.51465734641021 0.584941380885294 -0.780806248605093 0.804732042839422
2.53028234641021 0.572672123367165 -0.789639433417979 0.813776078053326
2.54590734641021 0.56026575377142 -0.798356416626111 0.822627332566346
2.56153234641021 0.547724096636313 -0.806956025247148 0.831283678232612
2.57715734641021 0.535048996496866 -0.815436871780997 0.839743015566524
2.59278234641021 0.522242321276424 -0.823797349273949 0.848003274081598
2.60840734641021 0.509305965748359 -0.832035627279324 0.856062412682872
2.62403234641021 0.496241855053679 -0.840149648746741 0.863918420113852
2.63965734641021 0.483051948259801 -0.84813712786867 0.871569315458771
2.65528234641021 0.469738241945321 -0.855995548909328 0.879013148700664
2.67090734641021 0.456302773795276 -0.863722166037172 0.886248001335575
2.68653234641021 0.442747626191056 -0.871314004178233 0.893271987042897
2.70215734641021 0.42907492977893 -0.87876786090344 0.900083252411677
2.71778234641021 0.415286867000935 -0.886080309358774 0.906679977722402
2.73340734641021 0.401385675571814 -0.893247702242747 0.913060377783543
2.74903234641021 0.387373651885605 -0.900266176831157 0.919222702821916
2.76465734641021 0.373253154335576 -0.907131661044579 0.925165239425602
2.78028234641021 0.359026606531261 -0.913839880549365 0.930886311537965
2.79590734641021 0.344696500396558 -0.920386366878331 0.936384281501023
2.81153234641021 0.330265399133087 -0.92676646655262 0.941657551146196
2.82715734641021 0.315735940033349 -0.932975351181591 0.946704562930208
2.84278234641021 0.301110837128615 -0.93900802851299 0.951523801113665
2.85840734641021 0.286392883656929 -0.944859354401089 0.956113792979624
2.87403234641021 0.271584954337183 -0.950524045656054 0.960473110089226
2.88965734641021 0.256690007435797 -0.955996693733423 0.96460036957126
2.90528234641021 0.24171108661323 -0.961271779218378 0.968494235442311
2.92090734641021 0.226651322538285 -0.96634368705544 0.972153419953968
2.93653234641021 0.211513934258969 -0.971206722470319 0.975576684963359
2.95215734641021 0.196302230319535 -0.975855127527014 0.97876284332314
2.96778234641021 0.18101960961425 -0.980283098259758 0.981710760286896
2.98340734641021 0.165669561969394 -0.98448480231625 0.984419354925763
2.99903234641021 0.150255668446023 -0.988454397045635 0.986887601551974
3.01465734641021 0.134781601357081 -0.992186047962049 0.989114531144913
3.03028234641021 0.119251123993546 -0.995673947512193 0.991099232775167
3.04590734641021 0.103668090055441 -0.998912334073335 0.992840855022
3.06153234641021 0.0880364427846844 -1.00189551110645 0.99433860737961
3.07715734641021 0.0723602137979664 -1.00461786638779 0.99559176164749
3.09278234641021 0.0566435216190169 -1.00707389124123 0.996599653300216
3.10840734641021 0.0408905699108762 -1.00925819969291 0.997361682831941
3.12403234641021 0.0251056454099937 -1.01116554746965 0.99787731707095
3.13965734641021 0.00929311556520662 -1.01279085076241 0.998146090459613
3.15528234641021 -0.0065425741141123 -1.01412920467673 0.998167606295177
3.17090734641021 -0.0223969029952498 -1.01517590129275 0.997941537926881
3.18653234641021 -0.0382652785379842 -1.01592644725874 0.997467629904995
3.20215734641021 -0.054143039781187 -1.01637658084353 0.996745699077479
3.21778234641021 -0.0700254610911681 -1.01652228837524 0.995775635630113
3.23340734641021 -0.0859077561616203 -1.01635981999587 0.994557404066076
3.24903234641021 -0.101785082253942 -1.01588570466418 0.993091044121131
3.26465734641021 -0.117652544665685 -1.01509676434198 0.991376671610764
3.28028234641021 -0.133505201413879 -1.01399012730239 0.989414479205795
3.29590734641021 -0.149338068119058 -1.01256324050231 0.987204737133237
3.31153234641021 -0.165146123074948 -1.01081388096501 0.984747793799362
3.32715734641021 -0.18092431248794 -1.00874016612317 0.98204407633221
3.34278234641021 -0.196667555869756 -1.00634056307672 0.979094091041016
3.35840734641021 -0.212370751566021 -1.0036138967251 0.97589842379028
3.37403234641021 -0.228028782402872 -1.00055935673765 0.972457740286522
3.38965734641021 -0.243636521433201 -0.997176503331438 0.968772786275996
3.40528234641021 -0.25918883776368 -0.993465271830832 0.964844387651966
3.42090734641021 -0.274680602443383 -0.989425975988271 0.960673450470428
3.43653234641021 -0.290106694394514 -0.985059310051372 0.956260960873472
3.45215734641021 -0.305462006365575 -0.98036634956682 0.951607984919764
3.46778234641021 -0.32074145088719 -0.975348550917054 0.94671566832198
3.48340734641021 -0.335939966210805 -0.970007749591338 0.94158523609127
3.49903234641021 -0.351052522210522 -0.964346157198338 0.93621799208921
3.51465734641021 -0.366074126228506 -0.958366357232787 0.930615318487938
3.53028234641021 -0.380999828844622 -0.952071299614314 0.924778675139531
3.54590734641021 -0.395824729551301 -0.945464294021778 0.918709598855948
3.56153234641021 -0.410543982315026 -0.938549002051734 0.912409702601159
3.57715734641021 -0.425152801006323 -0.931329428234658 0.905880674597385
3.59278234641021 -0.439646464680706 -0.923809909947487 0.899124277347633
3.60840734641021 -0.45402032269366 -0.915995106265711 0.892142346576998
3.62403234641021 -0.468269799633461 -0.907889985802716 0.884936790095434
3.63965734641021 -0.482390400056412 -0.899499813588307 0.877509586584984
3.65528234641021 -0.496377713009908 -0.890830137042302 0.86986278431466
3.67090734641021 -0.510227416329652 -0.881886771102756 0.861998499786392
3.68653234641021 -0.523935280698308 -0.872675782571747 0.853918916315682
3.70215734641021 -0.537497173453869 -0.863203473744729 0.845626282550789
3.71778234641021 -0.550909062137083 -0.853476365392167 0.837122910934429
3.73340734641021 -0.564167017768367 -0.843501179164552 0.828411176112143
3.74903234641021 -0.577267217845769 -0.833284819493954 0.81949351329164
3.76465734641021 -0.590205949056702 -0.822834355066907 0.810372416557525
3.78028234641021 -0.602979609697322 -0.81215699994475 0.801050437145923
3.79590734641021 -0.615584711794679 -0.801260094408486 0.79153018168363
3.81153234641021 -0.628017882927902 -0.790151085605782 0.781814310396442
3.82715734641021 -0.640275867745966 -0.778837508077921 0.771905535291399
3.84278234641021 -0.652355529180761 -0.767326964244374 0.761806618317701
3.85840734641021 -0.664253849355397 -0.755627104922092 0.751520369511035
3.87403234641021 -0.675967930188893 -0.743745609955744 0.741049645126103
3.88965734641021 -0.687494993699578 -0.731690169033898 0.730397345762046
3.90528234641021 -0.698832382010664 -0.71946846276452 0.719566414485463
3.92090734641021 -0.709977557062621 -0.707088144081326 0.708559834955645
3.93653234641021 -0.72092810003807 -0.694556820050229 0.697380629556547
3.95215734641021 -0.731681710505956 -0.681882034142669 0.686031857539961
3.96778234641021 -0.742236205292808 -0.669071249039776 0.674516613184195
3.98340734641021 -0.752589517089868 -0.656131830028271 0.662838023972467
3.99903234641021 -0.762739692805767 -0.643071029045696 0.650999248795066
4.01465734641021 -0.772684891675353 -0.62989596942904 0.639003476179165
4.03028234641021 -0.782423383136022 -0.616613631417075 0.626853922550028
4.04590734641021 -0.791953544483732 -0.603230838452837 0.614553830527123
4.06153234641021 -0.801273858321515 -0.589754244328558 0.602106467258502
4.07715734641021 -0.810382909813965 -0.576190321211194 0.589515122796592
4.09278234641021 -0.819279383761722 -0.562545348582341 0.576783108518293
4.10840734641021 -0.827962061510483 -0.548825403121929 0.563913755592109
4.12403234641021 -0.83642981770949 -0.535036349560588 0.550910413494776
4.13965734641021 -0.844681616934779 -0.521183832521101 0.5377764485796
4.15528234641021 -0.852716510192791 -0.507273269364766 0.524515242698526
4.17090734641021 -0.860533631320137 -0.493309844054003 0.511130191879664
4.18653234641021 -0.868132193295445 -0.479298502038008 0.497624705061777
4.20215734641021 -0.875511484479318 -0.465243946163811 0.484002202886979
4.21778234641021 -0.882670864798389 -0.451150633610712 0.470266116552641
4.23340734641021 -0.889609761889445 -0.437022773841764 0.456419886723257
4.24903234641021 -0.896327667219415 -0.422864327561805 0.442466962502758
4.26465734641021 -0.902824132196856 -0.408679006667476 0.428410800467552
4.28028234641021 -0.909098764290282 -0.394470275170765 0.414254863760273
4.29590734641021 -0.915151223168392 -0.380241351073864 0.400002621244042
4.31153234641021 -0.92098121687686 -0.365995209169586 0.385657546716761
4.32715734641021 -0.926588498065921 -0.351734584738184 0.371223118184776
4.34278234641021 -0.931972860282515 -0.337461978108283 0.356702817194984
4.35840734641021 -0.937134134340228 -0.323179660046661 0.342100128224295
4.37403234641021 -0.94207218477966 -0.308889677938903 0.32741853812512
4.38965734641021 -0.946786906431299 -0.29459386272046 0.31266153562538
4.40528234641021 -0.951278221092275 -0.280293836515381 0.297832610881342
4.42090734641021 -0.955546074327699 -0.265991020938009 0.282935255081429
4.43653234641021 -0.959590432406602 -0.251686646011136 0.26797296009896
4.45215734641021 -0.963411279381728 -0.237381759652652 0.252949218191659
4.46778234641021 -0.967008614321666 -0.223077237681416 0.237867521745614
4.48340734641021 -0.970382448703063 -0.208773794292144 0.222731363061242
4.49903234641021 -0.973532803969836 -0.194471992948287 0.207544234178699
4.51465734641021 -0.976459709265516 -0.18017225764142 0.192309626740088
4.53028234641021 -0.979163199344049 -0.165874884465376 0.177031031885713
4.54590734641021 -0.981643312663558 -0.151580053453348 0.161711940181547
4.56153234641021 -0.983900089666787 -0.137287840626366 0.146355841575033
4.57715734641021 -0.985933571251113 -0.122998230202016 0.130966225376276
4.59278234641021 -0.987743797430246 -0.108711126912882 0.115546580261648
4.60840734641021 -0.989330806188938 -0.0944263683850507 0.100100394296791
4.62403234641021 -0.990694632531251 -0.0801437375280658 0.0846311549760088
4.63965734641021 -0.991835307722213 -0.0658629748889311 0.0691423492750178
4.65528234641021 -0.992752858721904 -0.0515837909241601 0.0536374637140364
4.67090734641021 -0.993447307810385 -0.0373058781454357 0.0381199844282303
4.68653234641021 -0.993918672401112 -0.0230289230961333 0.0225933972425389
4.70215734641021 -0.994166965039913 -0.00875261811779912 0.00706118774796138
4.71778234641021 -0.994192193585914 0.00552332713235954 -0.00847315862356335
4.73340734641021 -0.993994361570235 0.0197991744498619 -0.0240061565285024
4.74903234641021 -0.993573468727724 0.0340751461719462 -0.0395343206480345
4.76465734641021 -0.992929511696458 0.0483514146196586 -0.0550541656339851
4.78028234641021 -0.992062484879249 0.0626280919232223 -0.0705622060669617
4.79590734641021 -0.99097238146096 0.0769052202585185 -0.0860549564291762
4.81153234641021 -0.98965919457499 0.0911827625201113 -0.10152893109434
4.82715734641021 -0.988122918611936 0.105460593453822 -0.116980644336902
4.84278234641021 -0.986363550663075 0.119738491269421 -0.132406610362798
4.85840734641021 -0.984381092091041 0.134016129751566 -0.147803343363762
4.87403234641021 -0.982175550219755 0.148293070884679 -0.163167357597114
4.88965734641021 -0.979746940135505 0.162568758005044 -0.178495167492843
4.90528234641021 -0.977095286590821 0.176842509491018 -0.193783287789635
4.92090734641021 -0.974220626002681 0.191113512999935 -0.209028233701403
4.93653234641021 -0.971123008536461 0.205380820257951 -0.224226521115719
4.95215734641021 -0.967802500266934 0.219643342406885 -0.23937466682542
4.96778234641021 -0.964259185407616 0.233899845909925 -0.254469188794526
4.98340734641021 -0.960493168599723 0.248148949015994 -0.269506606459474
4.99903234641021 -0.956504577252006 0.262389118780548 -0.284483441066507
5.01465734641021 -0.952293563922835 0.276618668638679 -0.299396216045993
5.03028234641021 -0.947860308735912 0.290835756524548 -0.314241457424211
5.04590734641021 -0.94320502182115 0.305038383529465 -0.329015694273106
5.06153234641021 -0.938327945772377 0.319224393089281 -0.343715459198318
5.07715734641021 -0.933229358113667 0.333391470690256 -0.358337288865698
5.09278234641021 -0.927909573766295 0.34753714408113 -0.372877724566363
5.10840734641021 -0.922368947508514 0.36165878397784 -0.387333312820267
5.12403234641021 -0.916607876420563 0.37575360524609 -0.401700606018082
5.13965734641021 -0.910626802307574 0.389818668545939 -0.415976163101139
5.15528234641021 -0.904426214093273 0.403850882421541 -0.430156550278992
5.17090734641021 -0.898006650177673 0.417847005818363 -0.444238341784117
5.18653234641021 -0.891368700752209 0.431803651009377 -0.458218120663128
5.20215734641021 -0.884513010066089 0.445717286911137 -0.472092479603788
5.21778234641021 -0.877440278637905 0.459584242770048 -0.485858021797018
5.23340734641021 -0.870151265406886 0.473400712198715 -0.499511361832993
5.24903234641021 -0.862646789818489 0.487162757541905 -0.513049126630349
5.26465734641021 -0.854927733839318 0.500866314551403 -0.526467956397426
5.28028234641021 -0.846995043896732 0.514507197348871 -0.539764505624419
5.29590734641021 -0.838849732738792 0.528081103655766 -0.552935444105211
5.31153234641021 -0.830492881210537 0.541583620269358 -0.565977457987627
5.32715734641021 -0.821925639942914 0.555010228764005 -0.578887250850753
5.34278234641021 -0.813149230951002 0.568356311396976 -0.591661544807956
5.35840734641021 -0.804164949138487 0.581617157198378 -0.604297081634131
5.37403234641021 -0.79497416370568 0.594787968225024 -0.616790623915717
5.38965734641021 -0.785578319458666 0.60786386595842 -0.629138956221938
5.40528234641021 -0.775978938017482 0.620839897827519 -0.641338886295717
5.42090734641021 -0.766177618921532 0.633711043837288 -0.653387246262662
5.43653234641021 -0.756176040630717 0.646472223284687 -0.665280893856516
5.45215734641021 -0.745975961421064 0.659118301544189 -0.677016713659424
5.46778234641021 -0.735579220173907 0.671644096905574 -0.688591618355364
5.48340734641021 -0.724987737057916 0.684044387447315 -0.700002549995077
5.49903234641021 -0.714203514103568 0.69631391792955 -0.711246481270804
5.51465734641021 -0.703228635669854 0.708447406691266 -0.722320416799167
5.53028234641021 -0.692065268803287 0.720439552537043 -0.733221394410498
5.54590734641021 -0.680715663489472 0.732285041599339 -0.743946486442931
5.56153234641021 -0.669182152797734 0.743978554163076 -0.754492801039601
5.57715734641021 -0.657467152919489 0.755514771439923 -0.764857483447259
5.59278234641021 -0.645573163101239 0.76688838228044 -0.775037717314672
5.60840734641021 -0.63350276547324 0.778094089812923 -0.785030725989153
5.62403234641021 -0.621258624775091 0.789126617998503 -0.794833773809609
5.63965734641021 -0.608843487979608 0.799980718092764 -0.804444167394505
5.65528234641021 -0.596260183816529 0.810651175004806 -0.813859256923169
5.67090734641021 -0.58351162219772 0.821132813545379 -0.823076437408877
5.68653234641021 -0.570600793545656 0.831420504556368 -0.832093149962203
5.70215734641021 -0.557530768027123 0.841509170914529 -0.840906883043135
5.71778234641021 -0.544304694694116 0.851393793403051 -0.849515173700485
5.73340734641021 -0.530925800534083 0.861069416445069 -0.857915608797167
5.74903234641021 -0.517397389431681 0.870531153693881 -0.866105826219943
5.76465734641021 -0.503722841044345 0.879774193475153 -0.874083516072267
5.78028234641021 -0.489905609594003 0.888793804076959 -0.881846421848903
5.79590734641021 -0.475949222577346 0.89758533888399 -0.88939234159102
5.81153234641021 -0.461857279397116 0.906144241352793 -0.896719129020525
5.82715734641021 -0.447633449916919 0.914466049825324 -0.903824694652397
5.84278234641021 -0.433281472942092 0.922546402178563 -0.910707006883867
5.85840734641021 -0.418805154629231 0.930381040308361 -0.917364093059296
5.87403234641021 -0.404208366826946 0.937965814446055 -0.923794040509666
5.88965734641021 -0.389495045350499 0.945296687306755 -0.929994997565622
5.90528234641021 -0.374669188192926 0.952369738068586 -0.935965174543055
5.92090734641021 -0.35973485367533 0.95918116618241 -0.941702844700258
5.93653234641021 -0.34469615853895 0.965727295011926 -0.947206345165717
5.95215734641021 -0.329557275981697 0.97200457530425 -0.952474077835664
5.96778234641021 -0.314322433641768 0.978009588491377 -0.957504510240517
5.98340734641021 -0.298995911531005 0.983739049823098 -0.962296176379436
5.99903234641021 -0.283582039920608 0.989189811332214 -0.966847677522199
6.01465734641021 -0.268085197181819 0.994358864633013 -0.971157682977692
6.03028234641021 -0.252509807584176 0.999243343554199 -0.975224930828327
6.04590734641021 -0.236860339053917 1.00384052660756 -0.979048228629739
6.06153234641021 -0.221141300895079 1.00814783929383 -0.982626454075164
6.07715734641021 -0.205357241475832 1.01216285624735 -0.985958555623937
6.09278234641021 -0.189512745882551 1.01588330322109 -0.989043553093581
6.10840734641021 -0.173612433544107 1.01930705891395 -0.991880538215007
6.12403234641021 -0.157660955828833 1.02243215664197 -0.994468675150373
6.13965734641021 -0.141662993616572 1.02525678585559 -0.996807200973204
6.15528234641021 -0.125623254848219 1.02777929350464 -0.998895426110392
6.17090734641021 -0.109546472055109 1.0299981852534 -1.00073273474574
6.18653234641021 -0.0934373998705719 1.03191212654735 -1.0023185851848
6.20215734641021 -0.0773008125259745 1.03351994353414 -1.00365251018061
6.21778234641021 -0.0611415013334885 1.03482062384046 -1.00473411722033
6.23340734641021 -0.0449642721578373 1.03581331720721 -1.00556308877237
6.24903234641021 -0.02877394287921 1.03649733598493 -1.00613918249392
6.26465734641021 -0.0125753408495121 1.03687215549169 -1.00646223139889
6.28028234641021 0.00362669965591526 1.03693741423554 -1.00653214398598
