0.0000000000000000 1.0005832197423400
0.1000000000000000 1.0005832197423400
0.2000000000000000 1.0005832197423400
0.3000000000000000 1.0005832197423400
0.4000000000000000 1.0005832197423400
0.5000000000000000 1.0005832197423400
0.6000000000000000 1.0005832197423400
0.7000000000000000 1.0005832197423400
0.8000000000000000 1.0005832197423400
0.9000000000000000 1.0005832197423400
1.0000000000000000 1.0005832197423400
1.1000000000000000 1.0005832197423400
1.2000000000000000 1.0005832197423400
1.3000000000000000 1.0005832197423400
1.4000000000000000 1.0005832197423400
1.5000000000000000 1.0005832197423400
1.6000000000000000 1.0005832197423400
1.7000000000000000 1.0005832197423400
1.8000000000000000 1.0005832197423400
1.9000000000000000 1.0005832197423400
2.0000000000000000 1.0005832197423400
2.1000000000000000 1.0005832197423400
2.2000000000000000 1.0005832197423400
2.3000000000000000 1.0005832197423400
2.4000000000000000 1.0005832197423400
2.5000000000000000 1.0005832197423400
2.6000000000000000 1.0005832197423400
2.7000000000000000 1.0005832197423400
2.8000000000000000 1.0005832197423400
2.9000000000000000 1.0005832197423400
3.0000000000000000 1.0005832197423400
3.1000000000000000 1.0005832197423400
3.2000000000000000 1.0005832197423400
3.3000000000000000 1.0005832197423400
3.4000000000000000 1.0005832197423400
3.5000000000000000 1.0005832197423400
3.6000000000000000 1.0005832197423400
3.7000000000000000 1.0005832197423400
3.8000000000000000 1.0005832197423400
3.9000000000000000 1.0005832197423400
4.0000000000000000 1.0005832197423400
4.1000000000000000 1.0005832197423400
4.2000000000000000 1.0005832197423400
4.3000000000000000 1.0005832197423400
4.4000000000000000 1.0005832197423400
4.5000000000000000 1.0005832197423400
4.6000000000000000 1.0005832197423400
4.7000000000000000 1.0005832197423400
4.8000000000000000 1.0005832197423400
4.9000000000000000 1.0005832197423400
5.0000000000000000 1.0005832197423400
5.1000000000000000 1.0005832197423400
5.2000000000000000 1.0005832197423400
5.3000000000000000 1.0005832197423400
5.4000000000000000 1.0005832197423400
5.5000000000000000 1.0005832197423400
5.6000000000000000 1.0005832197423400
5.7000000000000000 1.0005832197423400
5.8000000000000000 1.0005832197423400
5.9000000000000000 1.0005832197423400
5.9999999999999900 1.0005832197423400
6.0999999999999900 1.0005832197423400
6.1999999999999900 1.0005832197423400
6.2999999999999900 1.0005832197423400
6.3999999999999900 1.0005832197423400
6.4999999999999900 1.0005832197423400
6.5999999999999900 1.0005832197423400
6.6999999999999900 1.0005832197423400
6.7999999999999900 1.0005832197423400
6.8999999999999900 1.0005832197423400
6.9999999999999900 1.0005832197423400
7.0999999999999900 1.0005832197423400
7.1999999999999900 1.0005832197423400
7.2999999999999900 1.0005832197423400
7.3999999999999900 1.0005832197423400
7.4999999999999900 1.0005832197423400
7.5999999999999900 1.0005832197423400
7.6999999999999900 1.0005832197423400
7.7999999999999900 1.0005832197423400
7.8999999999999900 1.0005832197423400
7.9999999999999900 1.0005832197423400
8.0999999999999900 1.0005832197423400
8.1999999999999900 1.0005832197423400
8.2999999999999900 1.0005832197423400
8.3999999999999900 1.0005832197423400
8.4999999999999900 1.0005832197423400
8.5999999999999900 1.0005832197423400
8.6999999999999900 1.0005832197423400
8.7999999999999800 1.0005832197423400
8.8999999999999800 1.0005832197423400
8.9999999999999800 1.0005832197423400
9.0999999999999800 1.0005832197423400
9.1999999999999800 1.0005832197423400
9.2999999999999800 1.0005832197423400
9.3999999999999800 1.0005832197423400
9.4999999999999800 1.0005832197423400
9.5999999999999800 1.0005832197423400
9.6999999999999800 1.0005832197423400
9.7999999999999800 1.0005832197423400
9.8999999999999800 1.0005832197423400
9.9999999999999800 1.0005832197423400
10.1000000000000000 1.0005832197423400
10.2000000000000000 1.0005832197423400
10.3000000000000000 1.0005832197423400
10.4000000000000000 1.0005832197423400
10.5000000000000000 1.0005832197423400
10.6000000000000000 1.0005832197423400
10.7000000000000000 1.0005832197423400
10.8000000000000000 1.0005832197423400
10.9000000000000000 1.0005832197423400
11.0000000000000000 1.0005832197423400
11.1000000000000000 1.0005832197423400
11.2000000000000000 1.0005832197423400
11.3000000000000000 1.0005832197423400
11.4000000000000000 1.0005832197423400
11.5000000000000000 1.0005832197423400
11.6000000000000000 1.0005832197423400
11.7000000000000000 1.0005832197423400
11.8000000000000000 1.0005832197423400
11.9000000000000000 1.0005832197423400
12.0000000000000000 1.0005832197423400
12.1000000000000000 1.0005832197423400
12.2000000000000000 1.0005832197423400
12.3000000000000000 1.0005832197423400
12.4000000000000000 1.0005832197423400
12.5000000000000000 1.0005832197423400
