0.0000000000000000 1.0000000000000000
0.0667903179049419 0.9666296700508030
0.1308797588566330 0.9347468461751110
0.1940252811137690 0.9035950567757500
0.2569253635150210 0.8729462685509190
0.3199014137384770 0.8427639759323600
0.3831387121693920 0.8130839549243580
0.4467759331716180 0.7839708464428280
0.5109399405059530 0.7555025535971210
0.5757606672400220 0.7277650861287940
0.6413790764671430 0.7008514532861290
0.7079532703820950 0.6748622831104110
0.7756649869844980 0.6499074000422330
0.8447278697424970 0.6261082251645710
0.9153989299340960 0.6036011883636310
0.9858684098288980 0.5831287857311550
1.0552473978918200 0.5649942551287340
1.1233649885795600 0.5492252766903770
1.1903050032772500 0.5357654258757460
1.2562249724407100 0.5245425733229250
1.3212916267240500 0.5154902186800670
1.3856609912527300 0.5085524514247780
1.4494744900112300 0.5036838103117670
1.5128602679569000 0.5008478993479810
1.5759358655271500 0.5000159656016450
1.6388109767941600 0.5011657493866520
1.7015899574073500 0.5042806412144930
1.7643740652980500 0.5093491107880020
1.8272635135122900 0.5163643684854610
1.8903594386215200 0.5253242323410270
1.9537658940085400 0.5362311896222610
2.0175919847418100 0.5490926589446900
2.0819542781337700 0.5639214773758300
2.1469796574630700 0.5807366597247790
2.2128088437328300 0.5995645082733900
2.2796009053192500 0.6204401971815120
2.3475392324379500 0.6434100280543450
2.4168397182462300 0.6685346724452900
2.4877623499008100 0.6958939233943840
2.5584466024940000 0.7246826353982240
2.6280232164822500 0.7543637458823260
2.6963302974546400 0.7846603736847210
2.7634559499251400 0.8154121936998390
2.8295599656591200 0.8465091506508990
2.8948104697884800 0.8778626664721210
2.9593645027873000 0.9093934826865500
3.0233643365451600 0.9410265333311080
3.0869388950646400 0.9726886956431690
3.1502064811494700 1.0043076876172900
3.2133453810705300 1.0358452256682200
3.2769077045361500 1.0674496453902400
3.3411561497136100 1.0991178659346500
3.4062497778076300 1.1307849412255900
3.4723140243837800 1.1623570660421600
3.5394684600915500 1.1937233931870000
3.6078391738731100 1.2247597146802800
3.6775659440614600 1.2553288781131700
3.7488082506597500 1.2852797053192900
3.8217520211275600 1.3144449657341300
3.8966184053223300 1.3426384341504700
3.9721012433700100 1.3691201878650200
4.0462157373476600 1.3930773657805800
4.1184733270173200 1.4143575320628700
4.1889370274604200 1.4330275723720300
4.2578320399809700 1.4492046569836300
4.3254054742888800 1.4630014645916700
4.3918835508205100 1.4745126854652900
4.4574634379430700 1.4838146019035800
4.5223159219244300 1.4909679335111500
4.5865905481457500 1.4960208899085600
4.6504206057343900 1.4990116631128400
4.7139273301172300 1.4999702924334600
4.7772233334462800 1.4989200067238800
4.8404154348387200 1.4958781613023700
4.9036070756101500 1.4908568604173400
4.9669004816416900 1.4838633262398200
5.0303987118821300 1.4749000499522900
5.0942077190708100 1.4639647393821100
5.1584385488422800 1.4510500585510400
5.2232098182648500 1.4361431347020800
5.2886506481700300 1.4192247845224400
5.3549042826753700 1.4002683789170700
5.4221327279177500 1.3792382178069500
5.4905229058000000 1.3560872110661400
5.5602950956892400 1.3307535369870000
5.6317149214907500 1.3031557332391000
5.7051110260864100 1.2731852804223600
5.7803434383402300 1.2409398401848200
5.8548263216302600 1.2076723793023900
5.9277073302280800 1.1740044846843000
5.9988256183180000 1.1402589681113700
6.0682636516250600 1.1066253191749600
6.1361737857544100 1.0732335778674500
6.2027166818528400 1.0401856841668400
6.2680422659653900 1.0075685156713000
6.3322859340130700 0.9754593589628890
6.3959640641876700 0.9437324386560330
6.4594541774681300 0.9123261865746600
6.5229613187381800 0.8812650013717350
6.5866272019361900 0.8506068348183320
6.6505721503997600 0.8204238322202350
6.7149122000393800 0.7907954787790410
6.7797671191703500 0.7618065531446230
6.8452653502119100 0.7335470065594720
6.9115482828704200 0.7061127229536900
6.9787749904448400 0.6796068309511710
7.0471281976664400 0.6541415402138110
7.1168223089296700 0.6298406395003250
7.1881146927142700 0.6068429440187880
7.2595747363153900 0.5857957712030580
7.3300348239149300 0.5671127685315360
7.3992223564467600 0.5508570974845330
7.4671913422759300 0.5369800410435070
7.5340957914564400 0.5254083024041650
7.6001073743153300 0.5160720594979750
7.6653890413620300 0.5089120619703030
7.7300890030796300 0.5038800409850980
7.7943415051820500 0.5009373772365180
7.8582694874321100 0.5000536020158650
7.9219874798516000 0.5012051573695730
7.9856042759059800 0.5043744803059590
8.0492253298798300 0.5095493808590140
8.1129549533987800 0.5167226724883810
8.1768984203203400 0.5258920253906790
8.2411640983949800 0.5370600306246090
8.3058657353311400 0.5502344815049580
8.3711250467398800 0.5654288992847840
8.4370747911778200 0.5826633555608130
8.5038625825622100 0.6019656787843830
8.5716557985127200 0.6233731844043320
8.6406481235797000 0.6469351508540380
8.7110685733243500 0.6727164014789470
8.7831484534893200 0.7007841956956750
8.8546863979038100 0.7301776933680850
8.9250013164978900 0.7604145434328990
8.9940090254426500 0.7912413747171890
9.0618289203150600 0.8225065827941700
9.1286336820330000 0.8541023097051950
9.1945973078592000 0.8859393903493870
9.2598801710772800 0.9179367933664660
9.3246270746468300 0.9500171498889260
9.3889693506455800 0.9821047597210150
9.4530278671939200 1.0141245772206400
9.5171403707749500 1.0461132848290700
9.5817748127064000 1.0781702058525300
9.6471662140532400 1.1102697722775200
9.7134673430902100 1.1423339814177700
9.7808061238656400 1.1742590062101600
9.8493089392294600 1.2059245101839900
9.9191116610225100 1.2371962616695400
9.9903667585703900 1.2679259843813800
10.0632499270582000 1.2979498366155600
10.1379680084687000 1.3270858954407800
10.2147696450804000 1.3551305524183300
10.2908745876108000 1.3808559024092000
10.3651839644614000 1.4038479074083900
10.4375622055249000 1.4241005241078500
10.5081940221811000 1.4417242082071200
10.5773378818409000 1.4568434953220700
10.6452439078622000 1.4695675173684000
10.7121328342758000 1.4799851384431000
10.7781953383675000 1.4881671101253200
10.8435969651386000 1.4941694634776000
10.9084837297841000 1.4980365043084000
10.9729870276266000 1.4998031119319300
11.0372276588697000 1.4994964106871300
11.1013191135064000 1.4971369476084500
11.1653703229357000 1.4927394905303300
11.2294880684443000 1.4863135271171900
11.2937792088776000 1.4778635146698800
11.3583528704794000 1.4673889053029800
11.4233227363307000 1.4548839492223300
11.4888095831463000 1.4403372573548200
11.5549442425829000 1.4237310799804500
11.6218712193496000 1.4050402257316400
11.6897532922302000 1.3842304985063900
11.7587775808513000 1.3612564569968700
11.8291638262528000 1.3360581818615200
11.9011760958290000 1.3085565291036700
11.9751399641185000 1.2786459736023300
12.0514688327351000 1.2461834273738800
12.1272497713997000 1.2125353567294000
12.2014393082211000 1.1784108625739200
12.2738126976404000 1.1441745285320500
12.3444380677736000 1.1100360525955200
12.4134705184700000 1.0761361717092500
12.4810782363495000 1.0425833862236800
12.5474191969903000 1.0094692663614400
12.6126361121192000 0.9768748561856130
12.6772341493764000 0.9446862951257690
12.7416219899826000 0.9128319885490670
12.8060189995827000 0.8813345307647820
12.8705749676621000 0.8502532325470350
12.9354160545323000 0.8196628842184350
13.0006634893660000 0.7896462233151450
13.0664423018120000 0.7602916709450410
13.1328866729271000 0.7316931789817730
13.2001445491522000 0.7039510434257850
13.2683827641477000 0.6771733245321770
13.3377935202133000 0.6514778465629780
13.4086031584211000 0.6269949342628040
13.4810845731102000 0.6038712147279980
13.5534837102390000 0.5828503872402210
13.6247794296012000 0.5642853355256940
13.6947626325944000 0.5482146347847350
13.7635145648278000 0.5345800397812580
13.8312016129936000 0.5233046141898400
13.8980019073544000 0.5143171700235790
13.9640825590389000 0.5075579983332370
14.0295951001954000 0.5029787748782870
14.0946768676431000 0.5005410475529600
14.1594539397926000 0.5002146786351470
14.2240441876146000 0.5019765941074690
14.2885600625416000 0.5058098789446670
14.3531111042727000 0.5117031799291030
14.4178062618266000 0.5196503732066420
14.4827561504161000 0.5296504691753070
14.5480753765139000 0.5417077469593820
14.6138850769076000 0.5558321318756950
14.6803158452279000 0.5720398535586800
14.7475112702138000 0.5903544535939290
14.8156323966148000 0.6108082558830410
14.8848635644970000 0.6334444810852680
14.9554203273108000 0.6583202972972400
15.0275605734605000 0.6855112886912650
15.1003931357298000 0.7146222786133530
15.1723548114052000 0.7448718367820180
15.2430269236306000 0.7758655001408050
15.3124207455343000 0.8073882285183380
15.3806855282499000 0.8393034806831920
15.4480003298531000 0.8715082365306690
15.5145382531439000 0.9039137958544090
15.5804573702035000 0.9364377019007420
15.6459007324265000 0.9690002791128050
15.7109990283137000 1.0015230278360700
15.7758983820443000 1.0339400550990900
15.8412165273407000 1.0664216339471600
15.9072451140474000 1.0989680207111000
15.9741589898717000 1.1315100471286600
16.0420949775670000 1.1639461769152900
16.1111831249678000 1.1961557672562600
16.1815606827030000 1.2280031808776300
16.2533802587758000 1.2593382110189600
16.3268167378408000 1.2899947943520400
16.4020751458240000 1.3197886150395900
16.4794010125619000 1.3485136017957100
16.5568281191071000 1.3751891186772800
16.6326539487788000 1.3991350530643300
16.7065219670373000 1.4202580624821900
16.7785544062200000 1.4386496462670300
16.8490040944042000 1.4544371282790100
16.9181326079261000 1.4677374710212600
16.9861752221721000 1.4786472246385800
17.0533359613846000 1.4872434529338300
17.1197916295622000 1.4935870985471500
17.1856975697929000 1.4977262335049900
17.2511929735531000 1.4996986209067300
17.3164052972201000 1.4995335935426000
17.3814538727801000 1.4972533808530200
17.4464529207720000 1.4928740100306400
17.5115141720676000 1.4864058730383000
17.5767492785342000 1.4778540174534500
17.6422721715859000 1.4672181905189400
17.7082015208813000 1.4544926410759000
17.7746634562232000 1.4396656599493200
17.8417947479020000 1.4227188118858200
17.9097467019809000 1.4036257761081800
17.9786901321818000 1.3823506601016400
18.0488219470872000 1.3588455691204000
18.1203741935473000 1.3330470778756000
18.1936269292089000 1.3048710138873400
18.2689272754148000 1.2742045269983200
18.3463389292499000 1.2410599948292300
18.4230183772036000 1.2068050065685200
18.4980216957752000 1.1721216463451800
18.5711672912434000 1.1373637057617400
18.6425421734673000 1.1027376620288600
18.7123104234062000 1.0683841977989800
18.7806452583466000 1.0344129409480800
18.8477081403546000 1.0009169336142500
18.9136447053100000 0.9679787032074210
18.9791166998270000 0.9354099643008850
19.0444555207571000 0.9031833553852140
19.1098550180761000 0.8713406656514640
19.1754591296948000 0.8399512172696400
19.2413961139841000 0.8090966140266930
19.3077930521461000 0.7788655300152380
19.3747832466308000 0.7493524039004430
19.4425113987640000 0.7206577571670340
19.5111386153553000 0.6928893359205600
19.5808483365099000 0.6661638666893710
19.6518540961908000 0.6406094878658500
19.7244102702185000 0.6163691021734940
19.7982008077019000 0.5937876112316660
19.8712659674041000 0.5736061233397620
19.9430357266844000 0.5559970419628060
20.0134747298799000 0.5409368330809440
20.0827247673697000 0.5283499249550820
20.1509702181502000 0.5181573355242720
20.2183925854864000 0.5102903856635440
20.2851582073672000 0.5046928367963190
20.3514174167440000 0.5013197396905140
20.4173071441245000 0.5001357122890280
20.4829542007314000 0.5011134305934740
20.5484784092202000 0.5042324921080740
20.6139954244533000 0.5094786352796640
20.6796193059790000 0.5168432666535300
20.7454649668268000 0.5263232577886400
20.8116506407509000 0.5379209945885150
20.8783005228573000 0.5516446847570670
20.9455477632438000 0.5675089547927440
21.0135380403862000 0.5855357997721270
21.0824340233116000 0.6057559932646210
21.1524211706297000 0.6282111313155050
21.2237155498991000 0.6529565917339780
21.2965747688767000 0.6800658722936370
21.3706447967260000 0.7093649272379130
21.4439741789865000 0.7399414576202590
21.5159983767638000 0.7713353172489800
21.5866856347893000 0.8033002313409020
21.6561802480311000 0.8356843653244280
21.7246684726051000 0.8683763072255370
21.7923333257706000 0.9012818461404770
21.8593424498085000 0.9343141940547510
21.9258473672269000 0.9673898204958870
21.9919861476034000 1.0004265554424100
22.0578937655977000 1.0333460830622200
22.1242214961765000 1.0663289057501900
22.1912762193850000 1.0993761374776200
22.2592414937129000 1.1324155847800800
22.3282607541530000 1.1653408107810700
22.3984703532101000 1.1980251002823700
22.4700143962147000 1.2303257630343300
22.5430534705066000 1.2620845299296400
22.6177721370767000 1.2931261167414400
22.6943875319871000 1.3232555767184400
22.7731607983532000 1.3522544172979900
22.8516826628781000 1.3789865585271100
22.9284537604664000 1.4028657467389500
23.0032085141725000 1.4238382696934600
23.0761079435053000 1.4420111043336300
23.1474217873298000 1.4575173723821000
23.2174197917381000 1.4704761210865800
23.2863420243831000 1.4809845692750000
23.3543960680156000 1.4891198834339600
23.4217619144815000 1.4949428456513300
23.4885980908341000 1.4985012038614900
23.5550471494263000 1.4998322574813200
23.6212402016490000 1.4989647297329500
23.6873006319610000 1.4959200732202500
23.7533472227551000 1.4907133383866500
23.8194969101114000 1.4833536958761800
23.8858673624833000 1.4738446675143200
23.9525795557617000 1.4621840899682900
24.0197605168884000 1.4483638077248600
24.0875464281778000 1.4323690638578500
24.1560863315831000 1.4141775231497900
24.2255467578559000 1.3937578155279700
24.2961177520745000 1.3710674173867600
24.3680210165454000 1.3460495746538800
24.4415213266829000 1.3186287774204900
24.5169431616405000 1.2887039470661300
24.5946959868308000 1.2561378329711600
24.6729732065652000 1.2217892399932700
24.7499355746632000 1.1866923013829100
24.8250594205636000 1.1513662795875600
24.8983196098700000 1.1160927678238300
24.9698545279292000 1.0810476114518000
25.0398411053118000 1.0463586060006800
25.1084527316538000 1.0121297498329500
25.1758478719758000 0.9784513357342520
25.2425314499084000 0.9452243233611340
25.3089681789399000 0.9123623146352780
25.3754048181351000 0.8798870793292310
25.4420079984218000 0.8478625659140160
25.5089170860587000 0.8163705195370330
25.5762657198851000 0.7855018405486810
25.6441919097908000 0.7553540058461690
25.7128442845364000 0.7260309320936170
25.7823875560559000 0.6976439739820240
25.8530086781912000 0.6703136586175400
25.9249247608573000 0.6441721493561100
25.9983939568288000 0.6193666632227010
26.0734752775594000 0.5961396351540660
26.1479148779412000 0.5753573195232760
26.2210338514105000 0.5572328673181200
26.2927672560773000 0.5417506598291790
26.3632562878220000 0.5288326545216040
26.4326935792691000 0.5183951383157220
26.5012705172325000 0.5103649623298930
26.5691627167692000 0.5046822646587670
26.6365287184138000 0.5012993174327900
26.7035126951768000 0.5001786688370240
26.7702479834817000 0.5012914997531120
26.8368604713010000 0.5046163864166900
26.9034716548048000 0.5101384543448590
26.9702014279249000 0.5178488708331810
27.0371707426526000 0.5277446344377080
27.1045042990714000 0.5398286431064160
27.1723334400522000 0.5541100489110270
27.2407994555994000 0.5706049369805350
27.3100575587178000 0.5893374034855710
27.3802818942576000 0.6103411598910180
27.4516721116683000 0.6336618710041460
27.5244623227692000 0.6593605657737210
27.5989337759320000 0.6875186869631150
27.6740847322192000 0.7176891680016250
27.7482972854641000 0.7490474674272540
27.8211483349202000 0.7811751388106100
27.8926615073294000 0.8138428248213560
27.9630019492669000 0.8469039786020010
28.0323638726197000 0.8802473428481010
28.1009338637726000 0.9137766368960160
28.1688819675975000 0.9474020063298750
28.2363621290881000 0.9810363474692220
28.3035152981120000 1.0145935862594900
28.3707159065657000 1.0481085830905300
28.4384856382977000 1.0816869901439000
28.5070886302952000 1.1152955896351600
28.5766985870834000 1.1488422392953900
28.6474626753880000 1.1822051511065300
28.7195277789206000 1.2152430068944000
28.7930533383442000 1.2477975936066500
28.8682201152414000 1.2796932802383400
28.9452388473897000 1.3107348254388900
29.0243610267218000 1.3407038455458000
29.1046353453436000 1.3689296604534000
29.1835203999672000 1.3943531123180500
29.2603575625026000 1.4167597035527700
29.3351939047628000 1.4362197353769700
29.4082866607550000 1.4528698802112000
29.4799236904835000 1.4668422850992400
29.5503687324426000 1.4782472230305400
29.6198509525582000 1.4871725825936300
29.6885682539032000 1.4936874711442000
29.7566936783733000 1.4978460202330900
29.8243815887049000 1.4996904415036100
29.8917728686342000 1.4992532694213100
29.9589991773659000 1.4965589352058100
30.0261864930168000 1.4916248237197600
30.0934581939046000 1.4844619258436700
30.1609378992015000 1.4750751567895700
30.2287522672839000 1.4634633745777700
30.2970339448873000 1.4496191010141200
30.3659248784920000 1.4335279156640900
30.4355802477179000 1.4151674559061100
30.5061733713229000 1.3945059054159700
30.5779020938057000 1.3714997771504700
30.6509974309208000 1.3460906735311700
30.7257357264726000 1.3182004951531700
30.8024564363273000 1.2877241869734900
30.8815893113324000 1.2545183777477700
30.9611890810508000 1.2195100861389000
31.0394060460976000 1.1837547047126400
31.1157220319780000 1.1477837090171800
31.1901214825516000 1.1118862937790600
31.2627522700752000 1.0762436726948300
31.3337996377051000 1.0409878712373400
31.4034440872635000 1.0062264485253700
31.4718502563195000 0.9720527900423760
31.5396451350297000 0.9383130841263860
31.6072457808229000 0.9049521515970440
31.6748853409229000 0.8720066659886900
31.7427298418474000 0.8395495922973310
31.8109234915721000 0.8076697574295160
31.8796076127043000 0.7764647758929650
31.9489300486067000 0.7460391621171570
32.0190515365954000 0.7165045869899390
32.0901517601298000 0.6879812068294460
32.1624365129093000 0.6605997802615010
32.2361471686292000 0.6345046517108070
32.3115739887942000 0.6098579309341650
32.3877359936570000 0.5872225824019770
32.4629490623326000 0.5672174867802360
32.5367716460822000 0.5499612944210650
32.6092272858576000 0.5354079626452140
32.6804867635050000 0.5234724578022700
32.7507510128279000 0.5140717249856590
32.8202129993345000 0.5071353486667370
32.8890485268908000 0.5026064967302090
32.9574167691210000 0.5004403087451750
33.0254635557873000 0.5006020060704580
33.0933250763160000 0.5030653398760490
33.1611313455694000 0.5078114745243880
33.2290093566582000 0.5148282692757650
33.2970860301416000 0.5241099071336240
33.3654911236171000 0.5356568392421880
33.4343602884468000 0.5494760412940070
33.5038384887803000 0.5655816103226720
33.5740840507843000 0.5839957689569320
33.6452737043942000 0.6047503968496100
33.7176091426285000 0.6278892880413820
33.7913259033887000 0.6534714608418590
33.8667058708075000 0.6815760661118580
33.9433548466350000 0.7120071870417280
34.0192089678495000 0.7437882054306870
34.0936788715637000 0.7764236965277480
34.1667404315785000 0.8096474376052530
34.2385546012153000 0.8432946500799850
34.3093250589483000 0.8772439079722620
34.3792507223268000 0.9113921117367210
34.4485133983733000 0.9456439423575510
34.5172774316392000 0.9799073612997600
34.5856928766194000 1.0140915456534600
34.6541383344393000 1.0482246647230600
34.7231659019028000 1.0824188322469800
34.7930548722619000 1.1166390266147300
34.8639888517186000 1.1507876548788900
34.9361235195764000 1.1847354973725200
35.0096145619320000 1.2183323593441500
35.0846314573911000 1.2514097807376000
35.1613670401069000 1.2837803653922200
35.2400471035103000 1.3152352850698800
35.3209425182688000 1.3455402709405900
35.4025370137315000 1.3738170852339300
35.4825506694466000 1.3991315456725100
35.5604450702523000 1.4213233804597800
35.6363181296095000 1.4404838396343000
35.7104485238629000 1.4567570658004900
35.7831339647708000 1.4702775868200200
35.8546437272873000 1.4811561981719400
35.9252110612659000 1.4894806258532800
35.9950376193761000 1.4953195289525300
36.0643003136685000 1.4987264231499500
36.1331577132264000 1.4997427537295900
36.2017553851800000 1.4984001173769300
36.2702302805529000 1.4947217969431500
36.3387144288811000 1.4887237649370100
36.4073382086448000 1.4804152659835000
36.4762334325720000 1.4697990429558600
36.5455364686808000 1.4568712319844900
36.6153916225691000 1.4416209151741500
36.6859550411408000 1.4240292810228400
36.7573994731535000 1.4040682936775900
36.8299203579239000 1.3816987020839600
36.9037439494287000 1.3568671099254800
36.9791385956490000 1.3295016421097200
37.0564310376142000 1.2995054140481500
37.1360310006174000 1.2667463885552600
37.2173850631849000 1.2315216867416000
37.2977344549576000 1.1952279291002700
37.3762024388220000 1.1585665149647000
37.4526555222913000 1.1219061608881300
37.5272155783520000 1.0854659543185200
37.6000730722294000 1.0493976849067200
37.6714222606146000 1.0138208884049000
37.7414423069831000 0.9788374459070720
37.8106636980206000 0.9443544021368800
37.8796065232250000 0.9102748918478110
37.9485467514635000 0.8766230081587050
38.0176706857053000 0.8434701507517440
38.0871343078839000 0.8109078374359500
38.1570876093653000 0.7790381181571740
38.2276861858547000 0.7479707951270790
38.2990986288838000 0.7178234156464780
38.3715132142286000 0.6887225968683900
38.4451456543048000 0.6608062703412070
38.5202492971183000 0.6342268967914300
38.5971294870563000 0.6091560040965630
38.6747626680860000 0.5861831121507580
38.7514113587617000 0.5659466337532990
38.8266245019388000 0.5485662004246440
38.9004317099151000 0.5339915774733140
38.9730138276498000 0.5221331116887480
39.0445819003450000 0.5129039739742660
39.1153380494597000 0.5062309604287780
39.1854662673487000 0.5020552924150770
39.2551332125435000 0.5003308386696010
39.3244918020918000 0.5010221010448330
39.3936852031736000 0.5041025859762230
39.4628505671735000 0.5095536526841490
39.5321224468708000 0.5173637953039840
39.6016360276686000 0.5275283057782440
39.6715303624232000 0.5400492884079450
39.7419518286467000 0.5549360301316880
39.8130580669857000 0.5722057692102410
39.8850227331475000 0.5918849535976770
39.9580415254241000 0.6140111489062950
40.0323401753621000 0.6386358623686770
40.1081854830267000 0.6658287266377990
40.1859011872395000 0.6956838010137550
40.2637994946567000 0.7274523322351180
40.3405284310093000 0.7603608255631280
40.4157907119413000 0.7940113772546890
40.4896702197016000 0.8281790500399800
40.5623638027641000 0.8627141137911860
40.6340851453730000 0.8974986792722380
40.7050350753130000 0.9324282359200660
40.7753957117404000 0.9674038679911720
40.8453323485964000 1.0023288578444800
40.9150378661085000 1.0371272195613800
40.9852266084383000 1.0719841509903800
41.0562407909778000 1.1068894965413000
41.1282902412593000 1.1417520997778200
41.2015430478677000 1.1764418019769500
41.2761620978756000 1.2108042410221700
41.3523221710577000 1.2446650876126900
41.4302208374194000 1.2778298934536800
41.5100886744048000 1.3100817167679800
41.5922017628733000 1.3411770618873800
41.6756489886032000 1.3704209258270800
41.7576344926040000 1.3966429673584200
41.8374353765194000 1.4196086000352600
41.9151064827743000 1.4393976696546600
41.9909323154628000 1.4561616095637200
42.0652291868995000 1.4700453501112700
42.1382856590384000 1.4811687672084800
42.2103517685350000 1.4896265928456000
42.2816431946406000 1.4954926680036400
42.3523486462542000 1.4988242727378400
42.4226368917300000 1.4996655393974100
42.4926626523120000 1.4980499155662300
42.5625714422366000 1.4940018553768700
42.6325036456317000 1.4875379142486200
42.7025981313712000 1.4786673710747700
42.7729956784991000 1.4673924495146800
42.8438424669934000 1.4537081640770900
42.9152938980429000 1.4376017737082700
42.9875190543771000 1.4190517787122000
43.0607062088841000 1.3980263363722800
43.1350699664955000 1.3744808818209400
43.2108609344313000 1.3483545978390300
43.2883793677088000 1.3195651315095500
43.3679952551807000 1.2880005069815700
43.4501792914403000 1.2535063121752400
43.5329637940710000 1.2170307318139800
43.6142924148210000 1.1797477758791300
43.6935881310739000 1.1422508013075300
43.7708335237620000 1.1048619162007300
43.8461924747957000 1.0677818035138900
43.9198697255389000 1.0311557753568800
43.9920642856909000 0.9951016260196600
44.0630444823687000 0.9596778644739710
44.1335524637260000 0.9246904956839820
44.2039519656261000 0.8901303132764430
44.2744667357831000 0.8560593449696570
44.3452707573837000 0.8225687522056950
44.4165242151576000 0.7897636128172380
44.4883895440541000 0.7577580291754490
44.5610405558146000 0.7266743475093960
44.6346698161170000 0.6966442166109930
44.7094966639707000 0.6678107580610340
44.7857774796712000 0.6403317788488170
44.8638199762951000 0.6143843328244200
44.9432809191337000 0.5903781561979040
45.0219131883043000 0.5691666274623580
45.0990771742380000 0.5509388636752210
45.1747501610406000 0.5356582673135960
45.2491103394380000 0.5232313240821750
45.3223813311488000 0.5135635695510700
45.3947807562963000 0.5065745993559740
45.4665072109748000 0.5021998272599830
45.5377402601060000 0.5003886934573660
45.6086441918710000 0.5011024211093350
45.6793724179211000 0.5043121664409700
45.7500716375823000 0.5099977044699270
45.8208856557864000 0.5181466098735290
45.8919589929118000 0.5287538729002980
45.9634405025294000 0.5418219166868790
46.0354872511608000 0.5573610212313990
46.1082689643013000 0.5753902053293200
46.1819734337353000 0.5959386765266990
46.2568134431169000 0.6190480433406120
46.3330360527744000 0.6447756168467720
46.4109355884891000 0.6731993541905850
46.4908726028336000 0.7044254035934690
46.5703588316902000 0.7373473950410160
46.6484367661580000 0.7713019694210150
46.7249743097978000 0.8059404052883870
46.8001217507747000 0.8410563176789200
46.8741029932579000 0.8765045731105500
46.9471439225255000 0.9121657856560490
47.0194523758692000 0.9479312870346080
47.0912160339242000 0.9836967607275570
47.1626057697458000 1.0193593903095100
47.2341221603486000 1.0549862193355700
47.3063195138566000 1.0906664750055300
47.3794889158503000 1.1263442182614600
47.4538306985231000 1.1619000428294400
47.5295211635414000 1.1971807595123200
47.6067409284969000 1.2320092553663000
47.6856899646416000 1.2661864648169600
47.7665992123420000 1.2994898058714100
47.8497433264097000 1.3316694597396500
47.9354576698683000 1.3624425670840800
48.0200484547026000 1.3902039735777600
48.1023920844413000 1.4145491373495100
48.1824345144270000 1.4355226760426700
48.2604568767740000 1.4532837309409900
48.3368019929195000 1.4679939619707000
48.4117886570270000 1.4797887868642000
48.4856934674577000 1.4887751851936700
48.5587539188124000 1.4950361732291000
48.6311765051199000 1.4986358085738300
48.7031447663923000 1.4996232117097200
48.7748260838137000 1.4980354763810200
48.8463772415828000 1.4938996648303100
48.9179490790945000 1.4872340975433600
48.9896905865899000 1.4780490891416100
49.0617527665136000 1.4663472190219200
49.1342925613213000 1.4521231696365500
49.2074771592994000 1.4353631134013900
49.2814890459729000 1.4160435726211000
49.3565322883855000 1.3941296033705200
49.4328407587828000 1.3695720450425800
49.5106893943062000 1.3423033988212000
49.5904102950254000 1.3122315856846100
49.6724167916220000 1.2792302513999700
49.7572412628266000 1.2431231240452700
49.8417739963119000 1.2054007711547100
49.9244826612253000 1.1670709113400200
50.0050135838924000 1.1286506755833400
50.0834394305651000 1.0904313009354400
50.1599602727216000 1.0526027336657800
50.2347963268066000 1.0153078097229500
50.3081545322872000 0.9786649687478920
50.3806112298067000 0.9425843852891850
50.4527540364179000 0.9069592620905350
50.5248959929107000 0.8718186584173070
50.5972494707966000 0.8372450414025340
50.6699932184682000 0.8033438995809410
50.7433001424509000 0.7702331291049580
50.8173509021949000 0.7380401130553910
50.8923429865336000 0.7069019944066220
50.9684993401701000 0.6769675662203910
51.0460787541486000 0.6484003855052690
51.1253899778352000 0.6213832880962670
51.2068122332223000 0.5961249202240740
51.2877413373605000 0.5736710893974620
51.3672096569127000 0.5543374348363310
51.4450927515172000 0.5381181296032710
51.5215528635833000 0.5249186481645620
51.5968255899942000 0.5146355396010520
51.6711471731164000 0.5071790685360590
51.7447345464086000 0.5024769182071120
51.8177835941083000 0.5004725758961270
51.8904728930458000 0.5011228273825980
51.9629685796230000 0.5043956113386690
52.0354290562783000 0.5102684772199620
52.1080093224982000 0.5187276180328750
52.1808650654608000 0.5297674098640840
52.2541567567138000 0.5433904175751260
52.3280540533395000 0.5596078720014220
52.4027408655382000 0.5784406797074690
52.4784215658630000 0.5999210983092250
52.5553290189471000 0.6240953149327970
52.6337354722961000 0.6510273331192100
52.7139680013117000 0.6808048636804080
52.7959338166976000 0.7133447871327390
52.8770957623585000 0.7474627429443170
52.9567192392104000 0.7825509029195310
53.0347667348084000 0.8182831373951760
53.1114286225701000 0.8544592285130460
53.1869472855242000 0.8909326855143020
53.2615589940363000 0.9275794026127660
53.3354792629366000 0.9642844269901370
53.4089029018435000 1.0009363128162200
53.4820253965837000 1.0374330384043600
53.5556592831001000 1.0739822967776100
53.6301947259801000 1.1105698032983600
53.7058721154692000 1.1470885373846900
53.7828853183388000 1.1833861148259700
53.8614236697079000 1.2192813230013300
53.9416921323409000 1.2545685960268400
54.0239247925520000 1.2890173687451500
54.1083981995522000 1.3223686781526400
54.1954483543781000 1.3543294699069700
54.2825186735921000 1.3836132403232300
54.3675829713264000 1.4094170293212200
54.4502691609631000 1.4316631894035200
54.5307788455604000 1.4504907449444200
54.6094576014799000 1.4660712870650100
54.6866495167651000 1.4785554644745000
54.7626588793419000 1.4880637481004200
54.8377476916374000 1.4946896423757300
54.9121430533154000 1.4985050100916900
54.9860458650010000 1.4995646782868800
55.0596385159779000 1.4979098457022300
55.1330912573837000 1.4935704314299900
55.2065675394385000 1.4865665923069700
55.2802286997345000 1.4769095869702100
55.3542383772026000 1.4646020932033100
55.4287670092216000 1.4496380183562600
55.5039967870092000 1.4320017790161500
55.5801275176282000 1.4116669557750800
55.6573839960509000 1.3885941361699500
55.7360257775076000 1.3627276182044100
55.8163607588037000 1.3339904120229300
55.8987649351132000 1.3022765557537100
55.9837125502878000 1.2674389529142400
56.0710030465121000 1.2296339013056800
56.1572609644635000 1.1905573851281900
56.2414035247442000 1.1510717641499700
56.3232627430169000 1.1116295181364900
56.4029844083008000 1.0724965467936600
56.4807974262141000 1.0338545713281700
56.5569344383658000 0.9958450756508660
56.6316870508556000 0.9585489321407910
56.7059012335200000 0.9217500516061730
56.7799937814655000 0.8854411907386940
56.8542228475501000 0.8496959881515750
56.9287905810699000 0.8146215516986450
57.0038844095434000 0.7803414264006760
57.0796958987767000 0.7469902961427230
57.1564319978509000 0.7147134300068940
57.2343246807319000 0.6836683511597800
57.3136419516677000 0.6540279838535510
57.3947024880129000 0.6259853382035820
57.4778967743811000 0.5997603297294620
57.5611481414042000 0.5762889028718470
57.6430419950023000 0.5560630383098330
57.7233008104143000 0.5391273625455780
57.8020507584302000 0.5253934758487690
57.8795321489605000 0.5147515357075800
57.9559976610015000 0.5071035667032320
58.0316824017411000 0.5023701645843480
58.1067992945933000 0.5004894074800300
58.1815424151779000 0.5014142034591740
58.2560922197463000 0.5051098950462700
58.3306208058063000 0.5115525202385060
58.4052968266454000 0.5207277316741870
58.4802901774520000 0.5326303057677910
58.5557767355540000 0.5472642007455810
58.6319435164622000 0.5646431778147760
58.7089946990136000 0.5847920702713110
58.7871591317192000 0.6077488798693280
58.8667002181502000 0.6335680216703810
58.9479295947501000 0.6623252734370270
59.0312269672300000 0.6941254051387300
59.1152370601860000 0.7283452195705370
59.1980683916276000 0.7639618720162530
59.2792633489309000 0.8004472472716870
59.3588927246118000 0.8375075843147880
59.4371874724534000 0.8749519941581810
59.5144056782964000 0.9126329049285750
59.5907912769874000 0.9504204996536320
59.6665657477272000 0.9881919326785870
59.7419305037696000 1.0258266380369800
59.8175526108788000 1.0634421364703200
59.8939943513834000 1.1010958897963000
59.9715661283525000 1.1387014582975900
60.0504940958387000 1.1761068218414400
60.1309861984962000 1.2131224431938800
60.2132616500950000 1.2495299532367200
60.2975683587495000 1.2850828859302900
60.3841983577426000 1.3195035080165000
60.4735065128640000 1.3524767890971100
60.5632479713337000 1.3827795068731700
60.6509965664881000 1.4094320185025400
60.7362578115545000 1.4323128392819800
60.8192201770288000 1.4515630896371200
60.9002497118429000 1.4673672036067200
60.9797170981211000 1.4798883429584200
61.0579511745418000 1.4892566935502900
61.1352349893232000 1.4955727291452200
61.2118137054407000 1.4989130991130700
61.2879042325348000 1.4993357481602500
61.3637038003336000 1.4968836821832700
61.4393971006189000 1.4915875312053400
61.5151623119305000 1.4834671650720900
61.5911764570797000 1.4725325588303000
61.6676205392047000 1.4587840194279500
61.7446848962066000 1.4422118034335900
61.8225752559637000 1.4227950738711900
61.9015200967992000 1.4005000484046600
61.9817801636403000 1.3752770568773600
62.0636614463654000 1.3470560119210900
62.1475337711988000 1.3157394215759500
62.2338587745397000 1.2811913675970500
62.3232343126245000 1.2432194464226000
62.4126722130631000 1.2032777272255800
62.5002149603214000 1.1626066614448100
62.5853810020790000 1.1218421070162700
62.6682300309363000 1.0813366599521200
62.7489861011100000 1.0413153540962300
62.8279016658964000 1.0019442291110900
62.9052150812762000 0.9633591972580900
62.9818535799010000 0.9253264985518850
63.0583118219210000 0.8878200212280010
63.1348868860015000 0.8509134280191830
63.2118054206510000 0.8147213890746130
63.2892745009268000 0.7793783677467450
63.3675046017168000 0.7450319104999780
63.4467230488263000 0.7118417990787860
63.5271853932708000 0.6799819414447170
63.6091883853667000 0.6496440808754970
63.6930873906446000 0.6210434095754530
63.7793218851295000 0.5944268661600920
63.8651235608990000 0.5709352006879230
63.9493474836445000 0.5509449038323840
64.0318425875544000 0.5344503525071670
64.1127955850956000 0.5213418131597580
64.1924789185579000 0.5115002662237080
64.2711654500032000 0.5048237703544600
64.3491055939695000 0.5012313962534990
64.4265258433356000 0.5006610519642070
64.5036336410497000 0.5030664236437110
64.5806235195948000 0.5084144631491540
64.6576830677433000 0.5166836774478030
64.7349985468610000 0.5278631750524300
64.8127603987074000 0.5419523981635770
64.8911690409997000 0.5589615220244420
64.9704414561558000 0.5789125831056030
65.0508192413955000 0.6018415032944070
65.1325790812520000 0.6278013304243680
65.2160471390187000 0.6568672639743880
65.3016198618893000 0.6891444753381920
65.3885664439463000 0.7242684071816660
65.4744504195982000 0.7610091063543200
65.5586250288792000 0.7987296455416930
65.6411193523471000 0.8370816506489090
65.7221739190673000 0.8758449005238060
65.8020704480147000 0.9148532410286910
65.8810779544885000 0.9539625207396130
65.9594410312397000 0.9930370563120710
66.0373819506948000 1.0319437871143200
66.1157198936363000 1.0708527428271600
66.1949982514377000 1.1097852451254300
66.2755327548750000 1.1486270539388500
66.3575658994161000 1.1871994201368100
66.4413290558727000 1.2252840858716100
66.5270717271042000 1.2626302998783200
66.6150807127243000 1.2989541857066400
66.7056989929364000 1.3339339656875800
66.7993502370536000 1.3672016378626800
66.8916855048547000 1.3968522182615600
66.9814087137534000 1.4224270646237100
67.0684953226909000 1.4440020311643600
67.1533079337983000 1.4617802627785700
67.2362713056412000 1.4759597254465600
67.3177742914888000 1.4867018699650200
67.3981518427677000 1.4941313017406600
67.4776912317143000 1.4983424615959600
67.5566433692794000 1.4994062623543900
67.6352335401968000 1.4973751405906000
67.7136704159522000 1.4922865347060500
67.7921535698289000 1.4841651042756800
67.8708800367809000 1.4730239666971700
67.9500504882480000 1.4588651194138300
68.0298755840188000 1.4416791066316000
68.1105831092845000 1.4214438817987800
68.1924266528513000 1.3981226932360200
68.2756968928783000 1.3716606480475800
68.3607371468591000 1.3419793322040000
68.4479659607890000 1.3089683711211700
68.5379117105065000 1.2724718634174100
68.6312687850530000 1.2322656356603700
68.7237555556554000 1.1904387222367900
68.8139161311160000 1.1480942203793400
68.9014943211081000 1.1058077528497800
68.9866497942701000 1.0639107064125100
69.0696539256093000 1.0226240750748600
69.1507850637443000 0.9821166150954120
69.2306585022081000 0.9423508290300380
69.3100837994524000 0.9031723242651970
69.3894877290698000 0.8646147259725780
69.4691569182752000 0.8267861530925840
69.5493317312773000 0.7898274568804560
69.6302457922053000 0.7538978435187630
69.7121461389340000 0.7191712991793840
69.7953076943069000 0.6858376872031710
69.8800481647669000 0.6541064808723880
69.9667472767877000 0.6242128498252220
70.0558746728998000 0.5964268413136950
70.1450161543028000 0.5718411026073730
70.2326197310219000 0.5509911242635250
70.3184081686913000 0.5339096295486230
70.4025507621902000 0.5204853375430970
70.4853381056705000 0.5105882894204770
70.5670698258743000 0.5041057738774520
70.6480231323630000 0.5009485346569820
70.7284494045703000 0.5010487031932360
70.8085793121491000 0.5043563782762640
70.8886298314376000 0.5108367795645310
70.9688112417976000 0.5204683456767720
71.0493338386289000 0.5332417474916670
71.1304146637975000 0.5491597497037680
71.2122847799177000 0.5682379245273660
71.2951977946517000 0.5905063347740590
71.3794406172944000 0.6160124623400340
71.4653479316615000 0.6448259034233740
71.5533228098477000 0.6770457735780610
71.6438677168280000 0.7128125575831740
71.7338431617913000 0.7506855380860320
71.8220828286437000 0.7897886343821170
71.9084658159009000 0.8296552932638700
71.9932198033311000 0.8700064314633000
72.0766559788042000 0.9106430390715560
72.1590812401954000 0.9513987143673180
72.2407761186518000 0.9921195362061550
72.3219948240798000 1.0326554906182000
72.4036247707840000 1.0731791612826000
72.4862722518522000 1.1137101716399900
72.5702914421928000 1.1541164584003500
72.6559564620337000 1.1941927209436500
72.7435311476643000 1.2336877682150800
72.8333027391729000 1.2723117606339000
72.9256050303065000 1.3097346961896800
73.0208423852811000 1.3455798412995300
73.1180044769331000 1.3789192877994700
73.2132966191694000 1.4081468910067100
