0.0000000000000000 1.0000000000000000
0.0757593188466185 0.9621845550029000
0.1493984556401020 0.9256844333305780
0.2223368120751820 0.8899740213630280
0.2951898433507030 0.8549315073061770
0.3682841550137900 0.8205856515174260
0.4418454322474160 0.7870245092631520
0.5160707969986260 0.7543625759542820
0.5911594273070050 0.7227298348281590
0.6673287597723430 0.6922693447479470
0.7448270112773810 0.6631385527072620
0.8239469876920760 0.6355128124999820
0.9050446708147410 0.6095910105611310
0.9866213178470250 0.5861302257027340
1.0670167638479400 0.5657240871592770
1.1458415009779100 0.5484597307308710
1.2231713371380900 0.5342652597411500
1.2992224967232000 0.5230367784254140
1.3742344107592500 0.5146780734771190
1.4484332559275200 0.5091098231596450
1.5220245538085800 0.5062694692801780
1.5951952311224000 0.5061089171720130
1.6681181664928100 0.5085922453800530
1.7409569797528300 0.5136939592146100
1.8138705144285800 0.5213978358323800
1.8870170390471200 0.5316963021110930
1.9605583790675700 0.5445902952576240
2.0346642620396400 0.5600895970102690
2.1095172184944900 0.5782136851905590
2.1853184783264700 0.5989932132078830
2.2622954763469500 0.6224723220888190
2.3407118893245900 0.6487121363639920
2.4208816794946000 0.6777960437457510
2.5031896408195500 0.7098378086999690
2.5851307120589300 0.7437223767754280
2.6656296263443200 0.7787225735714730
2.7445278906025600 0.8144569625196790
2.8219819326733200 0.8507015050868250
2.8982308163770600 0.8872999213087150
2.9735165026672200 0.9241242464915060
3.0480615789620600 0.9610581111824940
3.1220669163397100 0.9979896667867390
3.1957153768076400 1.0348084234715500
3.2698078931640700 1.0717168562807000
3.3447667090696500 1.1087196441721100
3.4208432914833000 1.1457193658359100
3.4982338282081600 1.1825697884521400
3.5771255529182300 1.2190947369382400
3.6577181856004600 1.2550935720217200
3.7402373749034400 1.2903410936291600
3.8249471762140100 1.3245846138994100
3.9121653582966000 1.3575388677111400
4.0008467361406700 1.3884012113434600
4.0879409630227900 1.4158887160555700
4.1726751150257600 1.4397530341641900
4.2551262159962600 1.4600892727680900
4.3356175776325100 1.4770672914847300
4.4145028505188300 1.4908468191553200
4.4921024705697100 1.5015582979040500
4.5686932796925400 1.5093036495577500
4.6445140814920000 1.5141614420691100
4.7197743995012900 1.5161918889640200
4.7946626559722700 1.5154406884959500
4.8693530224046600 1.5119417248005400
4.9440111079259100 1.5057188561320900
5.0187988622365700 1.4967869915575200
5.0938790789002100 1.4851525876971400
5.1694198628356900 1.4708136275886400
5.2455994295760600 1.4537590792845500
5.3226116569207200 1.4339677644865000
5.4006729348799800 1.4114064836029900
5.4800310975656400 1.3860271214620100
5.5609776509098500 1.3577622596133800
5.6438652969052700 1.3265184730698900
5.7291342506338000 1.2921658360211300
5.8173538571006200 1.2545208473563500
5.9052539120134500 1.2151649431452200
5.9911910214547400 1.1751900031367900
6.0747905281946600 1.1351571387326000
6.1561359730803700 1.0953816303173600
6.2354467446556400 1.0560681511615300
6.3129627983941200 1.0173697903482200
6.3889090933097800 0.9794128457471330
6.4638773981665900 0.9421145407356280
6.5385169239073300 0.9053521981761780
6.6131717630712300 0.8691552988041490
6.6880749265703800 0.8336131648988260
6.7634231626592300 0.7988410643343720
6.8394081293037700 0.7649684761861100
6.9162319316152000 0.7321360030129360
6.9941178780084900 0.7004959250945640
7.0733211317350000 0.6702146818645310
7.1541419862168700 0.6414769212726280
7.2369444363040000 0.6144914591620050
7.3209298309419400 0.5898464065164470
7.4038813046955500 0.5683664582439050
7.4852098828951700 0.5502093521505150
7.5649407720762600 0.5353141272963690
7.6432926870569000 0.5235701366238620
7.7205231230404200 0.5148713085269040
7.7968787942395700 0.5091296010525820
7.8725843767055100 0.5062756975666680
7.9478439354430700 0.5062565678095440
8.0228458399244900 0.5090328666485620
8.0977681654626000 0.5145769255370040
8.1727838086994700 0.5228714284519940
8.2480653087605900 0.5339087123905760
8.3237896169905100 0.5476906370022360
8.4001431564496600 0.5642290171334340
8.4773275954817500 0.5835466784682090
8.5555668928673700 0.6056792827971170
8.6351164109217500 0.6306781942714070
8.7162753225928600 0.6586148585272460
8.7994043246464300 0.6895875163211400
8.8841256503958300 0.7233915682239300
8.9679257476170200 0.7588177219810980
9.0501044285479900 0.7952430234980860
9.1306549994990900 0.8323307864275510
9.2097927569283400 0.8698719435799100
9.2877800841362900 0.9077115745315720
9.3648697998065400 0.9457170424258530
9.4412917705098400 0.9837645497256930
9.5172539182685000 1.0217333817123300
9.5933551858572600 1.0597062150238100
9.6702181806530100 1.0977734757330200
9.7481748285048700 1.1358641737885000
9.8274573401213100 1.1738352368743400
9.9082725943461500 1.2115038410363000
9.9908343468424400 1.2486578605836500
10.0753810667524000 1.2850574751285900
10.1621905491857000 1.3204326420486800
10.2515967339218000 1.3544778148240500
10.3430722480601000 1.3865296969329500
10.4330266754683000 1.4150545487068700
10.5205061416306000 1.4397325468393200
10.6055581547344000 1.4606548393790700
10.6885255915810000 1.4780050496126000
10.7697919418235000 1.4919577636470100
10.8497057445572000 1.5026552883591500
10.9285677361561000 1.5102081813399400
11.0066368292405000 1.5147010509206300
11.0841399288793000 1.5161981970396100
11.1612811425623000 1.5147479171713700
11.2382495070949000 1.5103855021941600
11.3152254284229000 1.5031351826389600
11.3923862786326000 1.4930112546112700
11.4699116100960000 1.4800185297926800
11.5479884309811000 1.4641521687237700
11.6268170076220000 1.4453968749988900
11.7066177502508000 1.4237253383153700
11.7876399362387000 1.3990956958700500
11.8701733975320000 1.3714476000021900
11.9545649856180000 1.3406961713408400
12.0412429243491000 1.3067225499451100
12.1307547360140000 1.2693586392958300
12.2216821243180000 1.2293295241007900
12.3111123859184000 1.1882315252298200
12.3981847012045000 1.1468775503976300
12.4828316443789000 1.1057016496031200
12.5652467309667000 1.0649660149415700
12.6456848330758000 1.0248545832421300
12.7243958426999000 0.9855129294120440
12.8018897360584000 0.9469249431727400
12.8789519671950000 0.9089209015234130
12.9559871495721000 0.8715196405772660
13.0332607568014000 0.8348138569222080
13.1109918575100000 0.7989279193287370
13.1893914554124000 0.7640031465708950
13.2686813025504000 0.7301937992153650
13.3491066648216000 0.6976675750378570
13.4309488368630000 0.6666084759716670
13.5145407910745000 0.6372216024565230
13.6002893135469000 0.6097403181429760
13.6868565604470000 0.5849340812655730
13.7722024988402000 0.5635452802503150
13.8558325515997000 0.5456901046368620
13.9378228321612000 0.5312873921439620
14.0184222819809000 0.5202165090959660
14.0979090358093000 0.5123663494138560
14.1765460685554000 0.5076464362308690
14.2545724766010000 0.5059865801311280
14.3322062757167000 0.5073339923220440
14.4096501956346000 0.5116505140069700
14.4870977821430000 0.5189105889056590
14.5647391979916000 0.5291000234118910
14.6427668225706000 0.5422154660806970
14.7213809946701000 0.5582645666559860
14.8007963655385000 0.5772668464770550
14.8812494707842000 0.5992554085698270
14.9630083719997000 0.6242797507635970
15.0463856589368000 0.6524101564523020
15.1317569152250000 0.6837445015609830
15.2195050864468000 0.7183850503865360
15.3064820938182000 0.7548994964738150
15.3917599232662000 0.7925431243053320
15.4752788889613000 0.8309177484652380
15.5572630203232000 0.8697818839668050
15.6380004614541000 0.9089607770976950
15.7177715483785000 0.9483069940547180
15.7968312424672000 0.9876837596307820
15.8754097275829000 1.0269578617554200
15.9542406138103000 1.0662559850782400
16.0339408770986000 1.1056399336686700
16.1148522950988000 1.1450143333693200
16.1972244084420000 1.1842113135953800
16.2812868170402000 1.2230208012846900
16.3672817043225000 1.2611997427392600
16.4554833629842000 1.2984725964779200
16.5462158144499000 1.3345274394392700
16.6398745062303000 1.3690087345409700
16.7339779501035000 1.4005608722686000
16.8259659190436000 1.4281472121979300
16.9153333108657000 1.4516474864167900
17.0022961116454000 1.4712176964218200
17.0872536250025000 1.4870563410344500
17.1706063014077000 1.4993368925788100
17.2527080450601000 1.5081964419300100
17.3338632579599000 1.5137398583110200
17.4143360712843000 1.5160464135412400
17.4943611602520000 1.5151753824511900
17.5741533155663000 1.5111700772068200
17.6539154716246000 1.5040605181404100
17.7338456002096000 1.4938650279395900
17.8141430185492000 1.4805909545940600
17.8950146690255000 1.4642346213498200
17.9766819548078000 1.4447804953372500
18.0593888240921000 1.4221994507497500
18.1434120400596000 1.3964458514610700
18.2290750467708000 1.3674529461421000
18.3167677328320000 1.3351256696800500
18.4069761181558000 1.2993291961979000
18.5003295045243000 1.2598700728930500
18.5943694706943000 1.2179734534887100
18.6865379979584000 1.1751665658199100
18.7761489217238000 1.1322313111502800
18.8632188983693000 1.0895927632948700
18.9479849212335000 1.0475143017255500
19.0307277564361000 1.0061849876378700
19.1117156806900000 0.9657566079677220
19.1918871440373000 0.9260164148641650
19.2718414005539000 0.8869120231360800
19.3519283827219000 0.8485177401732950
19.4324097148229000 0.8109597099259270
19.5135228591080000 0.7743889410587200
19.5955100525611000 0.7389728050935900
19.6786353778120000 0.7048940329009280
19.7631995205745000 0.6723532846415120
19.8495571203295000 0.6415742072406990
19.9381408350380000 0.6128112519257650
20.0281523327995000 0.5867263447553450
20.1170254242891000 0.5642809424445080
20.2040899694871000 0.5456506904907630
20.2893901769640000 0.5307570960302600
20.3731917693341000 0.5194674477693880
20.4558020904163000 0.5116576604036580
20.5375138521305000 0.5072269146485300
20.6185934939736000 0.5060976629374770
20.6992840436802000 0.5082123330832190
20.7798118272453000 0.5135301208570330
20.8603936680083000 0.5220246751095150
20.9412438193981000 0.5336827426802730
21.0225807701236000 0.5485037017114850
21.1046343825764000 0.5664999542082560
21.1876540093860000 0.5876982498444730
21.2719184654810000 0.6121421551085100
21.3577491409750000 0.6398960925137110
21.4455282975825000 0.6710517235185770
21.5357260397174000 0.7057380841602740
21.6264936479612000 0.7430988244696690
21.7158521477741000 0.7819914794448100
21.8033725817373000 0.8218196645015640
21.8891852452441000 0.8622469577316510
21.9735813149142000 0.9030504917581090
22.0568723135598000 0.9440543974374730
22.1393489005648000 0.9851012508943680
22.2212746107078000 1.0260400117086500
22.3034167032668000 1.0669820610556000
22.3864808259298000 1.1080012552809600
22.4708562584073000 1.1489905776304300
22.5568266315111000 1.1897590188082000
22.6446534580390000 1.2300660872947200
22.7346142010001000 1.2696320550638200
22.8270258266478000 1.3081380060406800
22.9222669199868000 1.3452205429936300
23.0208058889138000 1.3804621224256200
23.1185053918059000 1.4119423467459300
23.2135678218213000 1.4389861976423400
23.3058324982460000 1.4616240180265100
23.3956601350452000 1.4800670794591700
23.4835117622737000 1.4945318094917500
23.5698176531253000 1.5051959972695500
23.6549503174974000 1.5121962480846300
23.7392297003296000 1.5156351754050900
23.8229357073961000 1.5155889427596800
23.9063205424603000 1.5121130244297600
23.9896192485925000 1.5052461141303900
24.0730586539911000 1.4950125279972500
24.1568653764463000 1.4814234094046000
24.2412736183067000 1.4644769068506200
24.3265335241541000 1.4441573487085800
24.4129210062545000 1.4204332800676000
24.5007502570388000 1.3932540239562700
24.5903907976930000 1.3625441179730100
24.6822921331289000 1.3281944329848900
24.7770215140194000 1.2900477334198300
24.8753254365249000 1.2478742444721200
24.9733368395091000 1.2035930563290100
25.0689864193559000 1.1586259037610100
25.1618228016277000 1.1137083535200400
25.2519743441600000 1.0692515763867200
25.3397355440642000 1.0255197064096300
25.4254215720641000 0.9827082002202550
25.5096921897515000 0.9407952981297270
25.5934778205508000 0.8996021024005540
25.6772690623719000 0.8591675850634340
25.7613969882416000 0.8196174359155240
25.8461419368425000 0.7811160970301610
25.9317799988780000 0.7438505814767910
26.0186077252570000 0.7080269593754100
26.1069611602152000 0.6738725390005440
26.1972368588869000 0.6416415931324910
26.2899205907679000 0.6116246823392180
26.3842219051273000 0.5845401910390310
26.4773127162822000 0.5614534794248830
26.5684636147394000 0.5425530234273610
26.6577349935935000 0.5277465614987540
26.7454294183642000 0.5168847489676420
26.8318929005927000 0.5098303718331760
26.9174538751625000 0.5064737152230560
27.0024115229188000 0.5067319479175960
27.0870399290023000 0.5105451477625730
27.1715963600093000 0.5178726580853820
27.2563300719588000 0.5286906063524580
27.3414909546063000 0.5429906370395650
27.4273383268877000 0.5607797954966360
27.5141506085648000 0.5820815883689250
27.6022369104774000 0.6069384161472630
27.6919520634555000 0.6354158275804340
27.7837174873512000 0.6676094598440020
27.8780520135118000 0.7036562801375690
27.9735095918630000 0.7428580154779230
28.0675860113232000 0.7838339731633300
28.1596945933010000 0.8258598914220400
28.2499524488636000 0.8685317594508970
28.3386833885918000 0.9115865823225770
28.4262412653500000 0.9548194682483070
28.5129578423270000 0.9980478317105060
28.5991345741142000 1.0410962616854900
28.6859175170735000 1.0842196635959200
28.7739146751138000 1.1273878262497200
28.8635052494217000 1.1704237642154600
28.9550003714443000 1.2130744344674000
29.0487106090482000 1.2550344401495500
29.1449813985140000 1.2959507392215900
29.2442207418769000 1.3354184659040300
29.3469311644081000 1.3729707439286800
29.4502682449681000 1.4069842538299400
29.5511557923896000 1.4362084701913100
29.6490215142051000 1.4605212979638100
29.7441607505554000 1.4801293423199500
29.8370782570755000 1.4952800620190200
29.9282706191542000 1.5061828172990600
30.0181732217238000 1.5129984188088400
30.1071604032829000 1.5158462887793500
30.1955592120337000 1.5148135415903400
30.2836643627269000 1.5099621296385700
30.3717514163155000 1.5013336592620000
30.4600881782321000 1.4889522471283000
30.5489451283579000 1.4728257853935200
30.6386059018966000 1.4529458011601300
30.7293789847414000 1.4292858751853500
30.8216121005760000 1.4017983234656800
30.9157114406232000 1.3704084750658200
31.0121692460074000 1.3350052559702400
31.1116060151382000 1.2954255995456800
31.2148395255410000 1.2514276996217400
31.3186482708401000 1.2046544844919400
31.4201382129400000 1.1569437560405800
31.5185880997435000 1.1092462252418000
31.6140792385178000 1.0620812201901700
31.7069334251638000 1.0157713677595000
31.7975118297025000 0.9705484720421990
31.8868193287364000 0.9262707285850150
31.9757570859041000 0.8828280632800060
32.0648343091789000 0.8403078490521130
32.1544213398230000 0.7988788160814920
32.2448507292552000 0.7587493450350680
32.3364636114111000 0.7201546801828800
32.4296383119300000 0.6833561993314020
32.5248168926794000 0.6486468990485100
32.6225388213821000 0.6163619136962340
32.7230068854040000 0.5870270388612550
32.8224118556493000 0.5621352146732530
32.9197000315797000 0.5419883725542960
33.0148822387271000 0.5264955336620960
33.1083025807973000 0.5154815382151260
33.2003699577451000 0.5087835907334390
33.2914751590986000 0.5062729633993820
33.3819746633869000 0.5078545375183070
33.4721958389319000 0.5134617483187860
33.5624477821479000 0.5230520185056830
33.6530330561867000 0.5366038116043980
33.7442595229426000 0.5541153914982920
33.8364528732432000 0.5756052557195290
33.9299711271836000 0.6011143873367260
34.0252230387102000 0.6307107988692060
34.1226934606243000 0.6644973782012080
34.2229809298208000 0.7026250166841360
34.3250529403563000 0.7445480318205530
34.4257442100110000 0.7885676031129920
34.5242823021695000 0.8337832852111240
34.6207841484009000 0.8796956016299760
34.7156295382648000 0.9259829232854550
34.8092382307523000 0.9723961520703050
34.9020048759584000 1.0187129473314300
34.9947181281038000 1.0649312988481700
35.0884766996870000 1.1112008819067200
35.1838700747771000 1.1573834112524500
35.2813180100112000 1.2032054060889600
35.3812056327025000 1.2483120449962500
35.4839467651917000 1.2922820863689600
35.5900259809531000 1.3346256705951000
35.7000421792051000 1.3747719609896500
35.8110930733825000 1.4109299385481900
35.9194842014157000 1.4415789572541800
36.0245275943095000 1.4665716416409900
36.1265767156145000 1.4861552323127000
36.2262313919441000 1.5006203775846400
36.3240784160406000 1.5102078002421300
36.4206310883441000 1.5150979665967500
36.5163319121868000 1.5154210174532500
36.6115708538203000 1.5112681597870500
36.7067046962418000 1.5027001842212700
36.8020743359512000 1.4897528226047500
36.8980204042369000 1.4724394442317200
36.9948986199650000 1.4507514696961300
37.0930967072433000 1.4246565380603900
37.1930552808421000 1.3940940161401100
37.2952962854228000 1.3589667930863600
37.4004650640575000 1.3191271803129700
37.5093974896177000 1.2743524763919300
37.6225343954392000 1.2246180757721100
37.7341551283637000 1.1729213618641100
37.8424720477864000 1.1208554709428300
37.9472848869370000 1.0692599214993000
38.0489168326629000 1.0186192416655700
38.1478122028325000 0.9692564948724460
38.2451638203325000 0.9210454178178630
38.3420957993452000 0.8738645917046710
38.4392516479212000 0.8278357863961580
38.5371073050431000 0.7831836020707530
38.6360984362941000 0.7401857998957430
38.7366819749105000 0.6991595198753250
38.8393783212315000 0.6604632823558350
38.9448156375242000 0.6245084049896140
39.0537920077647000 0.5917799231246760
39.1628109504252000 0.5639267463358340
39.2697444586217000 0.5416716070095940
39.3743117242736000 0.5250033965260950
39.4768568020515000 0.5137254749065730
39.5778763075653000 0.5076376285913110
39.6778658304000000 0.5065814322911330
39.7772843730067000 0.5104436641390440
39.8765579363649000 0.5191502315186870
39.9760943945841000 0.5326602195009850
40.0763011970316000 0.5509623628150970
40.1776045060899000 0.5740743177247270
40.2804711314005000 0.6020449359710180
40.3854362873535000 0.6349602013164060
40.4931423610928000 0.6729544210822920
40.6043980582967000 0.7162300494274120
40.7169737660095000 0.7636525926223650
40.8277489127538000 0.8133121146431650
40.9361049707302000 0.8641835556929040
41.0423148677940000 0.9156818149363550
41.1468927109185000 0.9674119684839860
41.2503737530972000 1.0190522185816200
41.3537444340466000 1.0705445774786400
41.4584461424281000 1.1220541621819900
41.5652690602346000 1.1733674345028800
41.6747940740856000 1.2240840959672400
41.7875730821140000 1.2736823187240600
41.9042206454330000 1.3215325080801600
42.0254852582443000 1.3668859885847600
42.1505368717659000 1.4082919502015800
42.2731056135005000 1.4429913585023800
42.3917477951959000 1.4705499285379700
42.5067931594866000 1.4912481924696300
42.6190231283902000 1.5054663482837800
42.7292301040717000 1.5135171713027700
42.8381123517853000 1.5156253901850400
42.9462755721147000 1.5119423230316300
43.0542610885293000 1.5025628642316200
43.1625768962902000 1.4875374723406100
43.2717269523990000 1.4668786695361700
43.3822402001594000 1.4405626701213200
43.4947031006432000 1.4085262488738300
43.6098014356284000 1.3706578696282700
43.7283809015806000 1.3267802841198500
43.8515444666097000 1.2766182596621300
43.9808250364133000 1.2197368405787300
44.1090327500867000 1.1599493610056300
44.2333932960213000 1.0996503367355900
44.3535371765858000 1.0401027259550900
44.4698954168736000 0.9820215108836430
44.5836018018544000 0.9256201334704050
44.6965845778650000 0.8706381113574570
44.8099173828803000 0.8172416258988250
44.9243792617887000 0.7657832800997550
45.0406855184663000 0.7167185289680420
45.1596058447482000 0.6705862652348320
45.2820559721274000 0.6280207251909430
45.4092098920243000 0.5897872874080010
45.5379911620235000 0.5578764038814780
45.6647226369483000 0.5336705889129890
45.7888133054309000 0.5172592690078450
45.9107453368886000 0.5084041466934160
46.0312766209493000 0.5068628281064200
46.1511859690092000 0.5124668684859350
46.2712206452855000 0.5251269886687120
46.3921117282976000 0.5448241573114020
46.5146120121114000 0.5716034408365410
46.6395459179570000 0.6055750758453830
46.7678756293466000 0.6469251154464500
46.9007984209683000 0.6959401308083940
47.0399077214314000 0.7530567265753030
47.1790002460849000 0.8150447106293050
47.3156278117812000 0.8795425722654820
47.4498503656258000 0.9452369750344140
47.5825080427897000 1.0112942972017500
47.7149752968718000 1.0772371320009500
47.8501429717618000 1.1433293736710200
47.9897149767834000 1.2090664819900100
48.1350925997031000 1.2734968088075200
48.2877805149508000 1.3352969905227500
48.4496760381085000 1.3927227348033100
48.6171270045375000 1.4418267736870000
48.7820912196294000 1.4786864443619400
48.9436233814750000 1.5027629435309500
49.1032048271913000 1.5142720065152500
49.2629305844708000 1.5132868160407700
49.4250876393547000 1.4995155818044700
49.5922855704217000 1.4722154255420000
49.7679298154893000 1.4300187789315600
49.9573386227827000 1.3704355958154500
50.0000000000000000 1.3552018281851900
