1.5708 1
3.14159 1.22461e-16
4.71239 -1
6.28319 -2.44921e-16


0 0 0
0.0315737955134653 0.0315685497648105 0.0201005025125628
0.0631475910269305 0.0631056313126736 0.0402010050251256
0.0947213865403958 0.0945798077948449 0.0603015075376885
0.126295182053861 0.125959705067718 0.0804020100502513
0.157868977567326 0.157214042967251 0.100502512562814
0.189442773080792 0.188311666489718 0.120603015075377
0.221016568594257 0.219221576847691 0.14070351758794
0.252590364107722 0.249912962370308 0.160804020100503
0.284164159621187 0.280355229217014 0.180904522613065
0.315737955134653 0.310518031874169 0.201005025125628
0.347311750648118 0.340371303404113 0.221105527638191
0.378885546161583 0.369885285416547 0.241206030150754
0.410459341675048 0.399030557732341 0.261306532663317
0.442033137188514 0.42777806771021 0.281407035175879
0.473606932701979 0.456099159207016 0.301507537688442
0.505180728215444 0.483965601142839 0.321608040201005
0.536754523728909 0.511349615642327 0.341708542713568
0.568328319242375 0.538223905724289 0.361809045226131
0.59990211475584 0.564561682511918 0.381909547738694
0.631475910269305 0.590336691936528 0.402010050251256
0.66304970578277 0.615523240908179 0.422110552763819
0.694623501296236 0.640096222927107 0.442211055276382
0.726197296809701 0.664031143110431 0.462311557788945
0.757771092323166 0.687304142609184 0.482412060301508
0.789344887836631 0.709892022391333 0.502512562814071
0.820918683350097 0.731772266367077 0.522613065326633
0.852492478863562 0.752923063833377 0.542713567839196
0.884066274377027 0.773323331215339 0.562814070351759
0.915640069890493 0.792952733082779 0.582914572864322
0.947213865403958 0.811791702421021 0.603015075376884
0.978787660917423 0.829821460135726 0.623115577889447
1.01036145643089 0.847024033772299 0.64321608040201
1.04193525194435 0.863382275431223 0.663316582914573
1.07350904745782 0.87887987886146 0.683417085427136
1.10508284297128 0.893501395714874 0.703517587939699
1.13665663848475 0.907232250945481 0.723618090452262
1.16823043399821 0.920058757338175 0.743718592964824
1.19980422951168 0.931968129152435 0.763819095477387
1.23137802502515 0.942948494867437 0.78391959798995
1.26295182053861 0.952988909015839 0.804020100502513
1.29452561605208 0.962079363094463 0.824120603015075
1.32609941156554 0.970210795540986 0.844221105527638
1.35767320707901 0.977375100766707 0.864321608040201
1.38924700259247 0.98356513723637 0.884422110552764
1.42082079810594 0.988774734587003 0.904522613065327
1.4523945936194 0.99299869977867 0.924623115577889
1.48396838913287 0.996232822271007 0.944723618090452
1.51554218464633 0.998473878220379 0.964824120603015
1.5471159801598 0.999719633693478 0.984924623115578
1.57868977567326 0.999968846894156 1.00497462185298
1.61026357118673 0.999221269401276 1.02386303376177
1.64183736670019 0.997477646416339 1.04113532486553
1.67341116221366 0.994739716020657 1.05679149516426
1.70498495772712 0.991010207442792 1.07083154465796
1.73655875324059 0.986292838338003 1.08325547334663
1.76813254875405 0.980592311082404 1.09406328123027
1.79970634426752 0.973914308085538 1.10325496830888
1.83128013978099 0.966265486126022 1.11083053458246
1.86285393529445 0.95765346971593 1.11678998005101
1.89442773080792 0.94808684350051 1.12113330471453
1.92600152632138 0.937575143700825 1.12386050857302
1.95757532183485 0.926128848607841 1.12497159162647
1.98914911734831 0.913759368137437 1.1244665538749
2.02072291286178 0.900479032456752 1.1223453953183
2.05229670837524 0.886301079693209 1.11860811595667
2.08387050388871 0.87123964273846 1.11325471579001
2.11544429940217 0.855309735160412 1.10628519481831
2.14701809491564 0.838527236237377 1.09769955304159
2.1785918904291 0.820908875129263 1.08749779045984
2.21016568594257 0.802472214201578 1.07567990707305
2.24173948145603 0.783235631518891 1.06224590288124
2.2733132769695 0.763218302525168 1.0471957778844
2.30488707248296 0.742440180929283 1.03052953208252
2.33646086799643 0.720921978814716 1.01224716547562
2.36803466350989 0.698685145993307 0.992348678063685
2.39960845902336 0.675751848623609 0.970834069846721
2.43118225453682 0.652144947115187 0.947703340824727
2.46275605005029 0.627887973340858 0.922956490997702
2.49432984556376 0.603005107179615 0.896593520365647
2.52590364107722 0.577521152413589 0.868614428928562
2.55747743659069 0.551461512003108 0.839019216686447
2.58905123210415 0.524852162764468 0.807807883639302
2.62062502761762 0.497719629475683 0.774980429787126
2.65219882313108 0.470090958436003 0.740536855129921
2.68377261864455 0.441993690505579 0.704477159667685
2.71534641415801 0.413455833652134 0.666801343400419
2.74692020967148 0.384505835032011 0.627509406328123
2.77849400518494 0.355172552633429 0.586601348450797
2.81006780069841 0.325485226510212 0.54407716976844
2.84164159621187 0.29547344963467 0.499936870281053
2.87321539172534 0.265167138398679 0.454180449988637
2.9047891872388 0.234596502792369 0.40680790889119
2.93636298275227 0.203792016290152 0.357819246988713
2.96793677826573 0.172784385474099 0.307214464281205
2.9995105737792 0.141604519424952 0.254993560768667
3.03108436929266 0.110283498911275 0.2011565364511
3.06265816480613 0.0788525454074766 0.145703391328502
3.0942319603196 0.0473429899715582 0.0886341254008741
3.12580575583306 0.0157862420136368 0.029948738668215
3.15737955134653 -0.015786242013637 -0.0299487386682157
3.18895334685999 -0.047342989971558 -0.0886341254008738
3.22052714237346 -0.0788525454074764 -0.145703391328502
3.25210093788692 -0.110283498911275 -0.201156536451099
3.28367473340039 -0.141604519424952 -0.254993560768668
3.31524852891385 -0.1727843854741 -0.307214464281205
3.34682232442732 -0.203792016290152 -0.357819246988712
3.37839611994078 -0.234596502792369 -0.406807908891189
3.40996991545425 -0.265167138398679 -0.454180449988636
3.44154371096771 -0.29547344963467 -0.499936870281053
3.47311750648118 -0.325485226510212 -0.54407716976844
3.50469130199464 -0.355172552633428 -0.586601348450797
3.53626509750811 -0.384505835032011 -0.627509406328123
3.56783889302157 -0.413455833652134 -0.666801343400419
3.59941268853504 -0.441993690505579 -0.704477159667685
3.6309864840485 -0.470090958436003 -0.740536855129921
3.66256027956197 -0.497719629475683 -0.774980429787127
3.69413407507544 -0.524852162764468 -0.807807883639302
3.7257078705889 -0.551461512003107 -0.839019216686447
3.75728166610237 -0.577521152413588 -0.868614428928562
3.78885546161583 -0.603005107179614 -0.896593520365647
3.8204292571293 -0.627887973340858 -0.922956490997702
3.85200305264276 -0.652144947115187 -0.947703340824726
3.88357684815623 -0.675751848623609 -0.970834069846721
3.91515064366969 -0.698685145993306 -0.992348678063685
3.94672443918316 -0.720921978814716 -1.01224716547562
3.97829823469662 -0.742440180929283 -1.03052953208252
4.00987203021009 -0.763218302525168 -1.0471957778844
4.04144582572355 -0.78323563151889 -1.06224590288124
4.07301962123702 -0.802472214201578 -1.07567990707305
4.10459341675048 -0.820908875129262 -1.08749779045984
4.13616721226395 -0.838527236237377 -1.09769955304159
4.16774100777741 -0.855309735160412 -1.10628519481831
4.19931480329088 -0.87123964273846 -1.11325471579001
4.23088859880434 -0.886301079693209 -1.11860811595667
4.26246239431781 -0.900479032456752 -1.1223453953183
4.29403618983128 -0.913759368137437 -1.1244665538749
4.32560998534474 -0.926128848607841 -1.12497159162647
4.35718378085821 -0.937575143700825 -1.12386050857302
4.38875757637167 -0.94808684350051 -1.12113330471453
4.42033137188514 -0.957653469715929 -1.11678998005101
4.4519051673986 -0.966265486126022 -1.11083053458246
4.48347896291207 -0.973914308085538 -1.10325496830888
4.51505275842553 -0.980592311082404 -1.09406328123027
4.546626553939 -0.986292838338003 -1.08325547334663
4.57820034945246 -0.991010207442792 -1.07083154465796
4.60977414496593 -0.994739716020657 -1.05679149516426
4.64134794047939 -0.997477646416339 -1.04113532486553
4.67292173599286 -0.999221269401276 -1.02386303376177
4.70449553150632 -0.999968846894156 -1.00497462185298
4.73606932701979 -0.999719633693478 -0.984924623115578
4.76764312253325 -0.998473878220379 -0.964824120603015
4.79921691804672 -0.996232822271007 -0.944723618090452
4.83079071356018 -0.99299869977867 -0.924623115577889
4.86236450907365 -0.988774734587003 -0.904522613065327
4.89393830458711 -0.98356513723637 -0.884422110552764
4.92551210010058 -0.977375100766707 -0.864321608040201
4.95708589561405 -0.970210795540986 -0.844221105527638
4.98865969112751 -0.962079363094463 -0.824120603015075
5.02023348664098 -0.952988909015839 -0.804020100502513
5.05180728215444 -0.942948494867437 -0.78391959798995
5.08338107766791 -0.931968129152435 -0.763819095477387
5.11495487318137 -0.920058757338175 -0.743718592964824
5.14652866869484 -0.907232250945481 -0.723618090452261
5.1781024642083 -0.893501395714874 -0.703517587939699
5.20967625972177 -0.87887987886146 -0.683417085427136
5.24125005523523 -0.863382275431223 -0.663316582914573
5.2728238507487 -0.847024033772299 -0.64321608040201
5.30439764626216 -0.829821460135726 -0.623115577889447
5.33597144177563 -0.811791702421021 -0.603015075376885
5.36754523728909 -0.792952733082779 -0.582914572864322
5.39911903280256 -0.773323331215339 -0.562814070351759
5.43069282831602 -0.752923063833377 -0.542713567839196
5.46226662382949 -0.731772266367077 -0.522613065326633
5.49384041934295 -0.709892022391333 -0.502512562814071
5.52541421485642 -0.687304142609184 -0.482412060301508
5.55698801036988 -0.664031143110432 -0.462311557788945
5.58856180588335 -0.640096222927107 -0.442211055276382
5.62013560139682 -0.615523240908179 -0.422110552763819
5.65170939691028 -0.590336691936529 -0.402010050251257
5.68328319242375 -0.564561682511918 -0.381909547738694
5.71485698793721 -0.538223905724289 -0.361809045226131
5.74643078345068 -0.511349615642327 -0.341708542713568
5.77800457896414 -0.483965601142839 -0.321608040201005
5.80957837447761 -0.456099159207016 -0.301507537688443
5.84115216999107 -0.42777806771021 -0.28140703517588
5.87272596550454 -0.399030557732341 -0.261306532663317
5.904299761018 -0.369885285416547 -0.241206030150754
5.93587355653147 -0.340371303404113 -0.221105527638191
5.96744735204493 -0.310518031874169 -0.201005025125629
5.9990211475584 -0.280355229217014 -0.180904522613065
6.03059494307186 -0.249912962370309 -0.160804020100503
6.06216873858533 -0.219221576847691 -0.14070351758794
6.0937425340988 -0.188311666489718 -0.120603015075377
6.12531632961226 -0.157214042967251 -0.100502512562814
6.15689012512573 -0.125959705067717 -0.0804020100502512
6.18846392063919 -0.0945798077948454 -0.0603015075376888
6.22003771615266 -0.0631056313126737 -0.0402010050251257
6.25161151166612 -0.0315685497648102 -0.0201005025125627
6.28318530717959 -2.44921270764475E-16 -1.11022302462516E-16


0 1 0.636619772367582
0.0315737955134653 0.999501589126174 0.636619772367582
0.0631475910269305 0.998006853331493 0.636619772367582
0.0947213865403958 0.995517282601106 0.636619772367582
0.126295182053861 0.992035358593258 0.636619772367582
0.157868977567326 0.987564552165524 0.636619772367582
0.189442773080792 0.98210931991498 0.636619772367582
0.221016568594257 0.975675099735774 0.636619772367581
0.252590364107722 0.968268305398507 0.636619772367581
0.284164159621187 0.959896320156857 0.636619772367581
0.315737955134653 0.950567489387783 0.636619772367581
0.347311750648118 0.940291112272676 0.636619772367581
0.378885546161583 0.929077432527731 0.636619772367581
0.410459341675048 0.916937628192789 0.636619772367581
0.442033137188514 0.903883800488824 0.636619772367581
0.473606932701979 0.88992896175518 0.636619772367581
0.505180728215444 0.875087022478594 0.636619772367581
0.536754523728909 0.859372777426912 0.636619772367581
0.568328319242375 0.842801890901351 0.636619772367581
0.59990211475584 0.825390881121976 0.636619772367581
0.631475910269305 0.807157103761985 0.636619772367581
0.66304970578277 0.788118734647192 0.636619772367581
0.694623501296236 0.768294751637971 0.636619772367581
0.726197296809701 0.747704915711709 0.636619772367581
0.757771092323166 0.726369751264639 0.636619772367581
0.789344887836631 0.704310525652672 0.636619772367581
0.820918683350097 0.681549227991634 0.636619772367581
0.852492478863562 0.658108547238038 0.636619772367581
0.884066274377027 0.634011849572239 0.636619772367581
0.915640069890493 0.609283155106517 0.636619772367581
0.947213865403958 0.583947113941306 0.636619772367581
0.978787660917423 0.55802898159344 0.636619772367581
1.01036145643089 0.531554593820901 0.636619772367581
1.04193525194435 0.504550340869177 0.636619772367581
1.07350904745782 0.47704314116489 0.636619772367581
1.10508284297128 0.44906041448292 0.636619772367581
1.13665663848475 0.420630054613784 0.636619772367581
1.16823043399821 0.391780401558493 0.636619772367581
1.19980422951168 0.362540213278625 0.636619772367581
1.23137802502515 0.332938637029761 0.636619772367581
1.26295182053861 0.303005180306873 0.636619772367581
1.29452561605208 0.272769681430603 0.636619772367581
1.32609941156554 0.242262279803783 0.636619772367581
1.35767320707901 0.211513385867819 0.636619772367581
1.38924700259247 0.180553650788902 0.636619772367581
1.42082079810594 0.149413935904261 0.636619772367581
1.4523945936194 0.118125281958908 0.636619772367581
1.48396838913287 0.0867188781635507 0.636619772367581
1.51554218464633 0.0552260311045082 0.636619772367581
1.5471159801598 0.0236781335366241 0.636619772367581
1.57868977567326 -0.00789336690971331 0.623823395033559
1.61026357118673 -0.0394569990762527 0.572637885697472
1.64183736670019 -0.070981299648016 0.521452376361385
1.67341116221366 -0.102434844516613 0.470266867025298
1.70498495772712 -0.133786280104479 0.419081357689212
1.73655875324059 -0.165004354618799 0.367895848353124
1.76813254875405 -0.196057949203978 0.316710339017038
1.79970634426752 -0.22691610896159 0.265524829680951
1.83128013978099 -0.257548073806897 0.214339320344864
1.86285393529445 -0.287923309131166 0.163153811008777
1.89442773080792 -0.318011536239238 0.11196830167269
1.92600152632138 -0.347782762531982 0.060782792336603
1.95757532183485 -0.377207311403576 0.00959728300051621
1.98914911734831 -0.406255851823789 -0.0415882263355709
2.02072291286178 -0.434899427575793 -0.0927737356716577
2.05229670837524 -0.463109486120348 -0.143959245007745
2.08387050388871 -0.490857907057594 -0.195144754343831
2.11544429940217 -0.518117030158078 -0.246330263679919
2.14701809491564 -0.54485968293507 -0.297515773016006
2.1785918904291 -0.571059207730695 -0.348701282352092
2.21016568594257 -0.596689488288856 -0.399886791688179
2.24173948145603 -0.621724975788495 -0.451072301024266
2.2733132769695 -0.64614071431121 -0.502257810360353
2.30488707248296 -0.669912365717855 -0.55344331969644
2.33646086799643 -0.693016233909332 -0.604628829032527
2.36803466350989 -0.715429288447371 -0.655814338368614
2.39960845902336 -0.737129187511779 -0.706999847704701
2.43118225453682 -0.758094300171245 -0.758185357040787
2.46275605005029 -0.77830372794553 -0.809370866376875
2.49432984556376 -0.797737325637519 -0.860556375712962
2.52590364107722 -0.816375721414399 -0.911741885049049
2.55747743659069 -0.834200336117917 -0.962927394385135
2.58905123210415 -0.851193401784495 -1.01411290372122
2.62062502761762 -0.867337979356715 -1.06529841305731
2.65219882313108 -0.882617975568547 -1.1164839223934
2.68377261864455 -0.897018158987464 -1.16766943172948
2.71534641415801 -0.910524175197462 -1.21885494106557
2.74692020967148 -0.923122561107861 -1.27004045040166
2.77849400518494 -0.934800758373598 -1.32122595973774
2.81006780069841 -0.945547125913667 -1.37241146907383
2.84164159621187 -0.955350951515195 -1.42359697840992
2.87321539172534 -0.964202462511612 -1.474782487746
2.9047891872388 -0.972092835524257 -1.52596799708209
2.93636298275227 -0.979014205257714 -1.57715350641818
2.96793677826573 -0.984959672340111 -1.62833901575427
2.9995105737792 -0.989923310200557 -1.67952452509035
3.03108436929266 -0.993900170976888 -1.73071003442644
3.06265816480613 -0.996886290447793 -1.78189554376253
3.0942319603196 -0.998878691984444 -1.83308105309861
3.12580575583306 -0.999875389517657 -1.8842665624347
3.15737955134653 -0.999875389517657 -1.8842665624347
3.18895334685999 -0.998878691984444 -1.83308105309861
3.22052714237346 -0.996886290447793 -1.78189554376253
3.25210093788692 -0.993900170976888 -1.73071003442644
3.28367473340039 -0.989923310200557 -1.67952452509035
3.31524852891385 -0.984959672340111 -1.62833901575427
3.34682232442732 -0.979014205257715 -1.57715350641818
3.37839611994078 -0.972092835524257 -1.52596799708209
3.40996991545425 -0.964202462511612 -1.474782487746
3.44154371096771 -0.955350951515195 -1.42359697840992
3.47311750648118 -0.945547125913667 -1.37241146907383
3.50469130199464 -0.934800758373598 -1.32122595973774
3.53626509750811 -0.923122561107861 -1.27004045040166
3.56783889302157 -0.910524175197462 -1.21885494106557
3.59941268853504 -0.897018158987464 -1.16766943172948
3.6309864840485 -0.882617975568547 -1.1164839223934
3.66256027956197 -0.867337979356715 -1.06529841305731
3.69413407507544 -0.851193401784495 -1.01411290372122
3.7257078705889 -0.834200336117918 -0.962927394385136
3.75728166610237 -0.816375721414399 -0.911741885049049
3.78885546161583 -0.79773732563752 -0.860556375712962
3.8204292571293 -0.77830372794553 -0.809370866376874
3.85200305264276 -0.758094300171245 -0.758185357040788
3.88357684815623 -0.737129187511779 -0.706999847704701
3.91515064366969 -0.715429288447371 -0.655814338368614
3.94672443918316 -0.693016233909332 -0.604628829032527
3.97829823469662 -0.669912365717855 -0.55344331969644
4.00987203021009 -0.64614071431121 -0.502257810360354
4.04144582572355 -0.621724975788495 -0.451072301024266
4.07301962123702 -0.596689488288856 -0.399886791688179
4.10459341675048 -0.571059207730695 -0.348701282352093
4.13616721226395 -0.54485968293507 -0.297515773016005
4.16774100777741 -0.518117030158078 -0.246330263679919
4.19931480329088 -0.490857907057594 -0.195144754343832
4.23088859880434 -0.463109486120348 -0.143959245007744
4.26246239431781 -0.434899427575793 -0.092773735671658
4.29403618983128 -0.406255851823789 -0.0415882263355705
4.32560998534474 -0.377207311403576 0.00959728300051554
4.35718378085821 -0.347782762531982 0.0607827923366031
4.38875757637167 -0.318011536239238 0.11196830167269
4.42033137188514 -0.287923309131167 0.163153811008777
4.4519051673986 -0.257548073806896 0.214339320344864
4.48347896291207 -0.22691610896159 0.26552482968095
4.51505275842553 -0.196057949203978 0.316710339017038
4.546626553939 -0.165004354618799 0.367895848353125
4.57820034945246 -0.133786280104479 0.419081357689211
4.60977414496593 -0.102434844516613 0.470266867025299
4.64134794047939 -0.0709812996480162 0.521452376361385
4.67292173599286 -0.0394569990762527 0.572637885697473
4.70449553150632 -0.00789336690971378 0.623823395033559
4.73606932701979 0.0236781335366239 0.636619772367581
4.76764312253325 0.0552260311045084 0.636619772367581
4.79921691804672 0.0867188781635505 0.636619772367581
4.83079071356018 0.118125281958908 0.636619772367581
4.86236450907365 0.14941393590426 0.636619772367581
4.89393830458711 0.180553650788902 0.636619772367581
4.92551210010058 0.211513385867819 0.636619772367581
4.95708589561405 0.242262279803783 0.636619772367581
4.98865969112751 0.272769681430603 0.636619772367581
5.02023348664098 0.303005180306872 0.636619772367581
5.05180728215444 0.332938637029761 0.636619772367581
5.08338107766791 0.362540213278625 0.636619772367581
5.11495487318137 0.391780401558493 0.636619772367581
5.14652866869484 0.420630054613784 0.636619772367581
5.1781024642083 0.44906041448292 0.636619772367581
5.20967625972177 0.47704314116489 0.636619772367581
5.24125005523523 0.504550340869178 0.636619772367581
5.2728238507487 0.531554593820901 0.636619772367581
5.30439764626216 0.55802898159344 0.636619772367581
5.33597144177563 0.583947113941306 0.636619772367581
5.36754523728909 0.609283155106517 0.636619772367581
5.39911903280256 0.634011849572239 0.636619772367581
5.43069282831602 0.658108547238037 0.636619772367581
5.46226662382949 0.681549227991634 0.636619772367581
5.49384041934295 0.704310525652672 0.636619772367581
5.52541421485642 0.726369751264639 0.636619772367581
5.55698801036988 0.747704915711709 0.636619772367581
5.58856180588335 0.768294751637971 0.636619772367581
5.62013560139682 0.788118734647193 0.636619772367581
5.65170939691028 0.807157103761985 0.636619772367581
5.68328319242375 0.825390881121976 0.636619772367581
5.71485698793721 0.84280189090135 0.636619772367581
5.74643078345068 0.859372777426912 0.636619772367581
5.77800457896414 0.875087022478594 0.636619772367582
5.80957837447761 0.88992896175518 0.636619772367582
5.84115216999107 0.903883800488824 0.636619772367582
5.87272596550454 0.916937628192789 0.636619772367582
5.904299761018 0.92907743252773 0.636619772367582
5.93587355653147 0.940291112272676 0.636619772367582
5.96744735204493 0.950567489387783 0.636619772367582
5.9990211475584 0.959896320156857 0.636619772367582
6.03059494307186 0.968268305398507 0.636619772367582
6.06216873858533 0.975675099735774 0.636619772367582
6.0937425340988 0.98210931991498 0.636619772367582
6.12531632961226 0.987564552165524 0.636619772367582
6.15689012512573 0.992035358593258 0.636619772367582
6.18846392063919 0.995517282601106 0.636619772367582
6.22003771615266 0.998006853331493 0.636619772367582
6.25161151166612 0.999501589126174 0.636619772367582
6.28318530717959 1 0.636619772367582


0 0 0
0.0315737955134653 0.000498410873826183 0.000317324578024777
0.0631475910269305 0.00199314666850658 0.00126929831209911
0.0947213865403958 0.00448271739889405 0.00285592120222299
0.126295182053861 0.00796464140674225 0.00507719324839643
0.157868977567326 0.0124354478344763 0.00793311445061941
0.189442773080792 0.0178906800850196 0.011423684808892
0.221016568594257 0.0243249002642264 0.0155489043232141
0.252590364107722 0.0317316946014928 0.0203087729935857
0.284164159621187 0.040103679843143 0.0257032908200069
0.315737955134653 0.0494325106122171 0.0317324578024777
0.347311750648118 0.0597088877273244 0.038396273940998
0.378885546161583 0.0709225674722694 0.0456947392355678
0.410459341675048 0.0830623718072112 0.0536278536861873
0.442033137188514 0.0961161995111764 0.0621956172928562
0.473606932701979 0.11007103824482 0.0713980300555747
0.505180728215444 0.124912977521406 0.0812350919743428
0.536754523728909 0.140627222573088 0.0917068030491604
0.568328319242375 0.157198109098649 0.102813163280028
0.59990211475584 0.174609118878024 0.114554172666944
0.631475910269305 0.192842896238015 0.126929831209911
0.66304970578277 0.211881265352808 0.139940138908926
0.694623501296236 0.231705248362029 0.153585095763992
0.726197296809701 0.252295084288291 0.167864701775107
0.757771092323166 0.273630248735361 0.182778956942271
0.789344887836631 0.295689474347328 0.198327861265485
0.820918683350097 0.318450772008366 0.214511414744749
0.852492478863562 0.341891452761962 0.231329617380062
0.884066274377027 0.365988150427761 0.248782469171425
0.915640069890493 0.390716844893483 0.266869970118837
0.947213865403958 0.416052886058694 0.285592120222299
0.978787660917423 0.44197101840656 0.30494891948181
1.01036145643089 0.468445406179099 0.324940367897371
1.04193525194435 0.495449659130823 0.345566465468982
1.07350904745782 0.52295685883511 0.366827212196642
1.10508284297128 0.55093958551708 0.388722608080351
1.13665663848475 0.579369945386216 0.411252653120111
1.16823043399821 0.608219598441507 0.434417347315919
1.19980422951168 0.637459786721375 0.458216690667777
1.23137802502515 0.667061362970239 0.482650683175685
1.26295182053861 0.696994819693127 0.507719324839642
1.29452561605208 0.727230318569397 0.533422615659649
1.32609941156554 0.757737720196217 0.559760555635706
1.35767320707901 0.788486614132181 0.586733144767812
1.38924700259247 0.819446349211098 0.614340383055967
1.42082079810594 0.850586064095739 0.642582270500172
1.4523945936194 0.881874718041092 0.671458807100427
1.48396838913287 0.913281121836449 0.700969992856731
1.51554218464633 0.944773968895492 0.731115827769085
1.5471159801598 0.976321866463376 0.761896311837488
1.57868977567326 1.00789336690971 0.793311312178952
1.61026357118673 1.03945699907625 0.825344617068803
1.64183736670019 1.07098129964802 0.857948787279926
1.67341116221366 1.10243484451661 0.891072795744495
1.70498495772712 1.13378628010448 0.924665615394689
1.73655875324059 1.1650043546188 0.958676219162685
1.76813254875405 1.19605794920398 0.993053579980659
1.79970634426752 1.22691610896159 1.02774667078079
1.83128013978099 1.2575480738069 1.06270446449525
1.86285393529445 1.28792330913117 1.09787593405622
1.89442773080792 1.31801153623924 1.13321005239588
1.92600152632138 1.34778276253198 1.1686557924464
1.95757532183485 1.37720731140358 1.20416212713996
1.98914911734831 1.40625585182379 1.23967802940873
2.02072291286178 1.43489942757579 1.2751524721849
2.05229670837524 1.46310948612035 1.31053442840064
2.08387050388871 1.49085790705759 1.34577287098813
2.11544429940217 1.51811703015808 1.38081677287954
2.14701809491564 1.54485968293507 1.41561510700706
2.1785918904291 1.57105920773069 1.45011684630285
2.21016568594257 1.59668948828886 1.4842709636991
2.24173948145603 1.6217249757885 1.51802643212798
2.2733132769695 1.64614071431121 1.55133222452167
2.30488707248296 1.66991236571786 1.58413731381234
2.33646086799643 1.69301623390933 1.61639067293218
2.36803466350989 1.71542928844737 1.64804127481336
2.39960845902336 1.73712918751178 1.67903809238806
2.43118225453682 1.75809430017125 1.70933009858844
2.46275605005029 1.77830372794553 1.7388662663467
2.49432984556376 1.79773732563752 1.76759556859501
2.52590364107722 1.8163757214144 1.79546697826554
2.55747743659069 1.83420033611792 1.82242946829047
2.58905123210415 1.85119340178449 1.84843201160199
2.62062502761762 1.86733797935671 1.87342358113225
2.65219882313108 1.88261797556855 1.89735314981345
2.68377261864455 1.89701815898746 1.92016969057776
2.71534641415801 1.91052417519746 1.94182217635735
2.74692020967148 1.92312256110786 1.96225958008441
2.77849400518494 1.9348007583736 1.9814308746911
2.81006780069841 1.94554712591367 1.99928503310962
2.84164159621187 1.95535095151519 2.01577102827212
2.87321539172534 1.96420246251161 2.0308378331108
2.9047891872388 1.97209283552426 2.04443442055782
2.93636298275227 1.97901420525771 2.05650976354537
2.96793677826573 1.98495967234011 2.06701283500562
2.9995105737792 1.98992331020056 2.07589260787075
3.03108436929266 1.99390017097689 2.08309805507294
3.06265816480613 1.99688629044779 2.08857814954435
3.0942319603196 1.99887869198444 2.09228186421718
3.12580575583306 1.99987538951766 2.09415817202359
3.15737955134653 1.99987538951766 2.09415817202359
3.18895334685999 1.99887869198444 2.09228186421718
3.22052714237346 1.99688629044779 2.08857814954435
3.25210093788692 1.99390017097689 2.08309805507294
3.28367473340039 1.98992331020056 2.07589260787075
3.31524852891385 1.98495967234011 2.06701283500562
3.34682232442732 1.97901420525771 2.05650976354537
3.37839611994078 1.97209283552426 2.04443442055782
3.40996991545425 1.96420246251161 2.0308378331108
3.44154371096771 1.95535095151519 2.01577102827212
3.47311750648118 1.94554712591367 1.99928503310962
3.50469130199464 1.9348007583736 1.9814308746911
3.53626509750811 1.92312256110786 1.96225958008441
3.56783889302157 1.91052417519746 1.94182217635735
3.59941268853504 1.89701815898746 1.92016969057776
3.6309864840485 1.88261797556855 1.89735314981345
3.66256027956197 1.86733797935671 1.87342358113225
3.69413407507544 1.85119340178449 1.84843201160199
3.7257078705889 1.83420033611792 1.82242946829047
3.75728166610237 1.8163757214144 1.79546697826554
3.78885546161583 1.79773732563752 1.76759556859501
3.8204292571293 1.77830372794553 1.7388662663467
3.85200305264276 1.75809430017125 1.70933009858844
3.88357684815623 1.73712918751178 1.67903809238806
3.91515064366969 1.71542928844737 1.64804127481336
3.94672443918316 1.69301623390933 1.61639067293218
3.97829823469662 1.66991236571786 1.58413731381234
4.00987203021009 1.64614071431121 1.55133222452167
4.04144582572355 1.6217249757885 1.51802643212798
4.07301962123702 1.59668948828886 1.4842709636991
4.10459341675048 1.57105920773069 1.45011684630285
4.13616721226395 1.54485968293507 1.41561510700706
4.16774100777741 1.51811703015808 1.38081677287955
4.19931480329088 1.49085790705759 1.34577287098813
4.23088859880434 1.46310948612035 1.31053442840064
4.26246239431781 1.43489942757579 1.2751524721849
4.29403618983128 1.40625585182379 1.23967802940873
4.32560998534474 1.37720731140358 1.20416212713996
4.35718378085821 1.34778276253198 1.1686557924464
4.38875757637167 1.31801153623924 1.13321005239588
4.42033137188514 1.28792330913117 1.09787593405622
4.4519051673986 1.2575480738069 1.06270446449525
4.48347896291207 1.22691610896159 1.02774667078079
4.51505275842553 1.19605794920398 0.993053579980659
4.546626553939 1.1650043546188 0.958676219162684
4.57820034945246 1.13378628010448 0.924665615394689
4.60977414496593 1.10243484451661 0.891072795744495
4.64134794047939 1.07098129964802 0.857948787279926
4.67292173599286 1.03945699907625 0.825344617068804
4.70449553150632 1.00789336690971 0.793311312178953
4.73606932701979 0.976321866463376 0.761896311837489
4.76764312253325 0.944773968895492 0.731115827769085
4.79921691804672 0.913281121836449 0.700969992856732
4.83079071356018 0.881874718041092 0.671458807100427
4.86236450907365 0.85058606409574 0.642582270500173
4.89393830458711 0.819446349211098 0.614340383055968
4.92551210010058 0.788486614132181 0.586733144767812
4.95708589561405 0.757737720196217 0.559760555635706
4.98865969112751 0.727230318569397 0.53342261565965
5.02023348664098 0.696994819693128 0.507719324839643
5.05180728215444 0.667061362970239 0.482650683175686
5.08338107766791 0.637459786721375 0.458216690667777
5.11495487318137 0.608219598441507 0.43441734731592
5.14652866869484 0.579369945386216 0.411252653120111
5.1781024642083 0.55093958551708 0.388722608080352
5.20967625972177 0.52295685883511 0.366827212196642
5.24125005523523 0.495449659130822 0.345566465468982
5.2728238507487 0.468445406179099 0.324940367897372
5.30439764626216 0.44197101840656 0.304948919481811
5.33597144177563 0.416052886058694 0.2855921202223
5.36754523728909 0.390716844893483 0.266869970118837
5.39911903280256 0.365988150427761 0.248782469171425
5.43069282831602 0.341891452761963 0.231329617380063
5.46226662382949 0.318450772008366 0.214511414744749
5.49384041934295 0.295689474347328 0.198327861265486
5.52541421485642 0.273630248735361 0.182778956942272
5.55698801036988 0.252295084288291 0.167864701775107
5.58856180588335 0.231705248362029 0.153585095763992
5.62013560139682 0.211881265352807 0.139940138908927
5.65170939691028 0.192842896238015 0.126929831209911
5.68328319242375 0.174609118878024 0.114554172666945
5.71485698793721 0.15719810909865 0.102813163280028
5.74643078345068 0.140627222573088 0.0917068030491608
5.77800457896414 0.124912977521406 0.0812350919743431
5.80957837447761 0.11007103824482 0.0713980300555752
5.84115216999107 0.0961161995111764 0.0621956172928565
5.87272596550454 0.0830623718072114 0.0536278536861876
5.904299761018 0.0709225674722695 0.0456947392355682
5.93587355653147 0.0597088877273244 0.0383962739409983
5.96744735204493 0.0494325106122172 0.0317324578024781
5.9990211475584 0.040103679843143 0.0257032908200072
6.03059494307186 0.0317316946014929 0.020308772993586
6.06216873858533 0.0243249002642264 0.0155489043232144
6.0937425340988 0.0178906800850196 0.0114236848088923
6.12531632961226 0.0124354478344764 0.00793311445061984
6.15689012512573 0.00796464140674213 0.00507719324839662
6.18846392063919 0.00448271739889416 0.00285592120222322
6.22003771615266 0.0019931466685067 0.00126929831209943
6.25161151166612 0.000498410873826183 0.000317324578025135
6.28318530717959 0 3.33066907387547E-16
