0.0625 4.01562470111148
0.09375 2.69010420789512
0.125 2.03125032645388
0.15625 1.63906271744819
0.1875 1.38020826958766
0.21875 1.19754462072002
0.25 1.06249998183896
0.28125 0.959198697894809
0.3125 0.878138436577915
0.34375 0.813215411779096
0.375 0.76038451836654
0.40625 0.716934433869042
0.4375 0.680797838105232
0.46875 0.650518245110542
0.5 0.62499917100227
0.53125 0.603400511608207
0.5625 0.585072874450379
0.59375 0.56949396893928
0.625 0.55624992311844
0.65625 0.545014768093499
0.6875 0.535511289175757
0.71875 0.527515970041457
0.75 0.520833357754065
0.78125 0.515312519989017
0.8125 0.510817316667167
0.84375 0.507233792810515
0.875 0.504458869877667
0.90625 0.502424549785316
0.9375 0.501041647843962
0.96875 0.500252003829856
1 0.5
1.03125 0.500236821550043
1.0625 0.500915574591141
1.09375 0.502009053550323
1.125 0.503472372366106
1.15625 0.505280054557007
1.1875 0.507402531937369
1.21875 0.509815924319184
1.25 0.512500175429841
1.28125 0.516058333250315
1.3125 0.518601394584512
1.34375 0.521979790179251
1.375 0.525563375639143
1.40625 0.52934048995415
1.4375 0.533287917895543
1.46875 0.537400123976277
1.5 0.541666507782199
1.53125 0.546077630273892
1.5625 0.550624807572558
1.59375 0.555300036910133
1.625 0.560095931124526
1.65625 0.565005660571753
1.6875 0.570022901493743
1.71875 0.575141790020337
1.75 0.580356881101235
1.78125 0.585663111762446
1.8125 0.591055768165245
1.84375 0.596530456016369
1.875 0.602083073938355
1.90625 0.607710185787363
1.9375 0.61340741074159
1.96875 0.619171945320132
2 0.625000316518409
2.03125 0.630889736683987
2.0625 0.636837431291246
2.09375 0.6428407913928
2.125 0.648897361447892
2.15625 0.655004828210079
2.1875 0.661161010568013
2.21875 0.667363850245104
2.25 0.673611403274387
2.28125 0.6799018321741
2.3125 0.686233398757578
2.34375 0.692604457518167
2.375 0.699013449536136
2.40625 0.705460424366802
2.4375 0.711940539194704
2.46875 0.718454963089154
2.5 0.725001842455839
2.53125 0.731579516076016
2.5625 0.738187494496166
2.59375 0.744824495574371
2.625 0.75148948351618
2.65625 0.758181471180797
2.6875 0.764899517258381
2.71875 0.771572927665024
2.75 0.778410232981579
2.78125 0.78520122639632
2.8125 0.792014921348037
2.84375 0.79885056964817
2.875 0.805707455597
2.90625 0.812584894242147
2.9375 0.819482229747858
2.96875 0.826398833866892
3 0.83333410450751
3.03125 0.840287464388717
3.0625 0.847258359777449
3.09375 0.854246259301927
3.125 0.861250652835878
3.15625 0.868271050448716
3.1875 0.875306981417187
3.21875 0.882357993294328
3.25 0.889417750159618
3.28125 0.89649767995755
3.3125 0.903591452299321
3.34375 0.910704392848962
3.375 0.917824603512125
3.40625 0.924967895658768
3.4375 0.932102790946118
3.46875 0.939260087194515
3.5 0.946429085035729
3.53125 0.953609473782185
3.5625 0.960800953647382
3.59375 0.968003235271802
3.625 0.975216039273317
3.65625 0.982439095820636
3.6875 0.989672144228436
3.71875 0.9969149325729
3.75 1.00416721732648
3.78125 1.01142876301079
3.8125 1.01869934186654
3.84375 1.02597873353964
3.875 1.03326672478246
3.90625 1.04056310916945
3.9375 1.04786768682632
3.96875 1.05518026417208
4 1.06250065367307
